-0.000000, -0.000000, 0.000000, 0.056000 
-0.000000, 10.043006, 0.000022, 0.088000 
0.491981, 24.107065, 0.000266, 0.120000 
1.334761, 38.297279, 0.002721, 0.152000 
2.418335, 52.642199, 0.004872, 0.184000 
3.668268, 67.119265, 0.006391, 0.216000 
5.032717, 81.557066, 0.007181, 0.248000 
6.476203, 95.964227, 0.007577, 0.280000 
7.974413, 110.348787, 0.007740, 0.312000 
9.511275, 124.716146, 0.007891, 0.344000 
11.076163, 139.070256, 0.008055, 0.376000 
12.662235, 153.413955, 0.008233, 0.408000 
14.265142, 167.749244, 0.008423, 0.440000 
15.882116, 182.077585, 0.008622, 0.472000 
17.511354, 196.400105, 0.008825, 0.504000 
19.151632, 210.717728, 0.009028, 0.536000 
22.401622, 235.078298, 0.008508, 0.568000 
24.807809, 263.496158, 0.008046, 0.600000 
26.525847, 292.474092, 0.007095, 0.632000 
27.755310, 321.437216, 0.006692, 0.664000 
28.636150, 350.388225, 0.006354, 0.696000 
29.260366, 379.331432, 0.006088, 0.728000 
29.684787, 408.265344, 0.005856, 0.760000 
29.940407, 437.185980, 0.005647, 0.792000 
30.043948, 466.089910, 0.005454, 0.824000 
30.004896, 494.975156, 0.005137, 0.856000 
29.829163, 523.844727, 0.004735, 0.888000 
29.518563, 552.704556, 0.004336, 0.920000 
28.740936, 581.647801, 0.004000, 0.952000 
27.619793, 610.538284, 0.003887, 0.984000 
26.251929, 639.394589, 0.003784, 1.016000 
24.706389, 668.230689, 0.003687, 1.048000 
23.028742, 697.053390, 0.003590, 1.080000 
21.246630, 725.864491, 0.003492, 1.112000 
19.375380, 754.663328, 0.003392, 1.144000 
17.422803, 783.448928, 0.003290, 1.176000 
15.392506, 812.220706, 0.003097, 1.208000 
13.284178, 840.994104, 0.002846, 1.240000 
11.102872, 869.741268, 0.002632, 1.272000 
8.866395, 898.474843, 0.002439, 1.304000 
6.589390, 927.199550, 0.002278, 1.336000 
4.282925, 955.918581, 0.002141, 1.368000 
1.954884, 984.633838, 0.002016, 1.400000 
-0.389488, 1013.346235, 0.001890, 1.432000 
-2.746965, 1042.056070, 0.001756, 1.464000 
-5.115724, 1070.763369, 0.001612, 1.496000 
-7.494842, 1099.468142, 0.001459, 1.528000 
-9.883973, 1128.171094, 0.001370, 1.560000 
-12.284641, 1156.867768, 0.003929, 1.592000 
-14.425281, 1185.616647, 0.005115, 1.624000 
-16.372906, 1214.411146, 0.005751, 1.656000 
-18.181475, 1243.203702, 0.006124, 1.688000 
-19.889562, 1271.996386, 0.006413, 1.720000 
-21.522716, 1300.789972, 0.006662, 1.752000 
-23.096460, 1329.583546, 0.006898, 1.784000 
-24.619425, 1358.375389, 0.007172, 1.816000 
-26.096032, 1387.164509, 0.007481, 1.848000 
-27.528273, 1415.951010, 0.007806, 1.880000 
-28.917222, 1444.757262, 0.010446, 1.912000 
-29.733079, 1473.682156, 0.010853, 1.944000 
-30.124401, 1502.616441, 0.010945, 1.976000 
-30.210975, 1531.524162, 0.011032, 2.008000 
-30.078429, 1560.417368, 0.011112, 2.040000 
-29.783659, 1589.301698, 0.011192, 2.072000 
-29.361567, 1618.177878, 0.011274, 2.104000 
-28.831914, 1647.044302, 0.011361, 2.136000 
-28.205200, 1675.899284, 0.011452, 2.168000 
-27.486835, 1704.742238, 0.011587, 2.200000 
-26.678767, 1733.625887, 0.013780, 2.232000 
-24.978787, 1762.660547, 0.016928, 2.264000 
-22.629299, 1791.577914, 0.017511, 2.296000 
-19.798742, 1820.406080, 0.017690, 2.328000 
-16.631945, 1849.175614, 0.017818, 2.360000 
-13.218087, 1877.904039, 0.017949, 2.392000 
-9.612431, 1906.598338, 0.018088, 2.424000 
-5.847231, 1935.259517, 0.018238, 2.456000 
-1.947336, 1963.880466, 0.020208, 2.488000 
2.084184, 1992.467710, 0.022044, 2.520000 
6.242301, 2021.024847, 0.023636, 2.552000 
10.527922, 2049.584305, 0.047110, 2.584000 
15.940327, 2078.256367, 0.047472, 2.616000 
22.252552, 2106.637269, 0.048077, 2.648000 
29.283628, 2134.806385, 0.048229, 2.680000 
36.764103, 2162.826173, 0.048351, 2.712000 
44.575570, 2190.736902, 0.048484, 2.744000 
52.644486, 2218.558646, 0.048631, 2.776000 
60.927553, 2246.299100, 0.048794, 2.808000 
69.399343, 2273.960723, 0.049117, 2.840000 
78.020352, 2301.516517, 0.057232, 2.872000 
86.815223, 2329.141949, 0.111574, 2.904000 
96.701043, 2356.563441, 0.111701, 2.936000 
107.539426, 2383.509240, 0.112176, 2.968000 
119.199730, 2410.111958, 0.112462, 3.000000 
131.304055, 2436.472956, 0.112588, 3.032000 
143.726317, 2462.661304, 0.112727, 3.064000 
156.387201, 2488.715698, 0.112881, 3.096000 
169.237951, 2514.655005, 0.113053, 3.128000 
182.248397, 2540.488212, 0.113325, 3.160000 
195.359924, 2566.179125, 0.125004, 3.192000 
208.603437, 2591.788849, 0.134432, 3.224000 
221.971181, 2617.325686, 0.141843, 3.256000 
235.465921, 2642.815245, 0.227712, 3.288000 
249.943240, 2667.997449, 0.227713, 3.320000 
265.367571, 2692.522858, 0.228290, 3.352000 
281.664978, 2716.581369, 0.228524, 3.384000 
298.368634, 2740.312787, 0.228633, 3.416000 
315.359381, 2763.811456, 0.228763, 3.448000 
332.562534, 2787.130737, 0.228914, 3.480000 
349.931593, 2810.297916, 0.229087, 3.512000 
367.436859, 2833.327397, 0.229383, 3.544000 
385.004773, 2856.172853, 0.245101, 3.576000 
402.684965, 2878.922040, 0.257008, 3.608000 
420.467876, 2901.574621, 0.265490, 3.640000 
438.357252, 2924.132898, 0.349535, 3.672000 
456.939530, 2946.224259, 0.379119, 3.704000 
476.217780, 2967.851353, 0.379550, 3.736000 
495.956971, 2989.074945, 0.379704, 3.768000 
515.944368, 3010.026482, 0.379849, 3.800000 
536.103975, 3030.790483, 0.379983, 3.832000 
556.386880, 3051.414414, 0.380137, 3.864000 
576.762036, 3071.922739, 0.380309, 3.896000 
597.154176, 3092.273320, 0.395707, 3.928000 
617.614738, 3112.551934, 0.407168, 3.960000 
638.138090, 3132.766114, 0.414714, 3.992000 
658.716385, 3152.923468, 0.419044, 4.024000 
679.340382, 3173.033067, 0.421097, 4.056000 
700.000583, 3193.104412, 0.421879, 4.088000 
720.688378, 3213.146214, 0.422226, 4.120000 
741.414532, 3233.182185, 0.445713, 4.152000 
762.313830, 3253.021135, 0.461034, 4.184000 
783.343266, 3272.721392, 0.471594, 4.216000 
804.463570, 3292.323596, 0.479640, 4.248000 
825.646617, 3311.856677, 0.486373, 4.280000 
846.874033, 3331.339711, 0.492265, 4.312000 
868.134482, 3350.784552, 0.497347, 4.344000 
889.421247, 3370.198346, 0.501473, 4.376000 
910.730721, 3389.585637, 0.504442, 4.408000 
932.060043, 3408.949835, 0.506229, 4.440000 
953.406333, 3428.294084, 0.506979, 4.472000 
974.766680, 3447.621621, 0.507020, 4.504000 
996.138120, 3466.935663, 0.506927, 4.536000 
1017.517822, 3486.239317, 0.506790, 4.568000 
1038.903506, 3505.535098, 0.506665, 4.600000 
1060.293551, 3524.824800, 0.506579, 4.632000 
1081.687986, 3544.124207, 0.452779, 4.664000 
1102.701334, 3563.852417, 0.417961, 4.696000 
1123.412070, 3583.894872, 0.394236, 4.728000 
1143.970544, 3604.219711, 0.393848, 4.760000 
1164.359180, 3624.691914, 0.393508, 4.792000 
1184.629503, 3645.267380, 0.393157, 4.824000 
1204.811775, 3665.917505, 0.392852, 4.856000 
1224.883459, 3686.585139, 0.381984, 4.888000 
1244.903420, 3707.299374, 0.372974, 4.920000 
1264.877070, 3728.056951, 0.366263, 4.952000 
1284.808547, 3748.853964, 0.361793, 4.984000 
1304.702552, 3769.685777, 0.359213, 5.016000 
1324.564398, 3790.547193, 0.357973, 5.048000 
1344.399542, 3811.432925, 0.357484, 5.080000 
1364.227219, 3832.340192, 0.202749, 5.112000 
1383.182479, 3853.976791, 0.202109, 5.144000 
1401.024694, 3876.794629, 0.202276, 5.176000 
1418.069065, 3900.413841, 0.202043, 5.208000 
1434.553324, 3924.366643, 0.201967, 5.240000 
1450.636696, 3948.553866, 0.201864, 5.272000 
1466.414251, 3972.911274, 0.201732, 5.304000 
1481.939102, 3997.396463, 0.201574, 5.336000 
1497.241689, 4021.981831, 0.201395, 5.368000 
1512.283481, 4046.587601, 0.184436, 5.400000 
1527.170072, 4071.217707, 0.171992, 5.432000 
1541.916777, 4095.936364, 0.163406, 5.464000 
1556.537078, 4120.734487, 0.157094, 5.496000 
1571.055645, 4145.524914, -0.018883, 5.528000 
1583.683048, 4170.942371, -0.019679, 5.560000 
1594.335583, 4198.237316, -0.019022, 5.592000 
1603.538845, 4226.116878, -0.019178, 5.624000 
1611.688713, 4254.239309, -0.019171, 5.656000 
1619.048056, 4282.528197, -0.019198, 5.688000 
1625.777112, 4310.933289, -0.019266, 5.720000 
1631.966158, 4339.419666, -0.019370, 5.752000 
1637.663259, 4367.964963, -0.019503, 5.784000 
1642.893412, 4396.559367, -0.019654, 5.816000 
1647.630714, 4425.364985, -0.091759, 5.848000 
1649.279131, 4454.826505, -0.092246, 5.880000 
1648.395167, 4484.518129, -0.092097, 5.912000 
1645.651602, 4513.928334, -0.092166, 5.944000 
1641.506877, 4543.077837, -0.092185, 5.976000 
1636.265707, 4571.996711, -0.092234, 6.008000 
1630.108242, 4600.700957, -0.092325, 6.040000 
1623.119509, 4629.193539, -0.092462, 6.072000 
1614.855458, 4659.185783, -0.092788, 6.104000 
1603.360783, 4687.073632, -0.092901, 6.136000 
1588.440713, 4712.824609, -0.093610, 6.168000 
1569.978906, 4736.636527, -0.093737, 6.200000 
1549.708882, 4758.728013, -0.093799, 6.232000 
1528.015582, 4779.305850, -0.093868, 6.264000 
1504.208882, 4799.287590, -0.094050, 6.296000 
1478.153490, 4815.344322, -0.094161, 6.328000 
1450.790049, 4828.205687, -0.094264, 6.360000 
1422.658103, 4838.535977, -0.094357, 6.392000 
1394.058917, 4846.846401, -0.094456, 6.424000 
1365.163647, 4853.499914, -0.094572, 6.456000 
1336.071161, 4858.736376, -0.094710, 6.488000 
1306.834919, 4862.697255, -0.094866, 6.520000 
1277.988488, 4865.381272, -0.094995, 6.552000 
1249.146314, 4867.946589, -0.095172, 6.584000 
1220.316657, 4870.398731, -0.095360, 6.616000 
1191.514769, 4872.727991, -0.096487, 6.648000 
1162.849246, 4874.939496, -0.096767, 6.680000 
1134.149681, 4877.041288, -0.096871, 6.712000 
1105.424349, 4879.048757, -0.096972, 6.744000 
1076.685232, 4880.980860, -0.097098, 6.776000 
1047.926745, 4882.855319, -0.066517, 6.808000 
1018.587649, 4887.925010, -0.065488, 6.840000 
989.906552, 4895.529870, -0.065105, 6.872000 
961.988320, 4905.380119, -0.064760, 6.904000 
934.716800, 4916.649253, -0.064508, 6.936000 
907.989919, 4929.031233, -0.064278, 6.968000 
881.750442, 4942.352026, -0.064040, 7.000000 
854.268378, 4957.430874, -0.063647, 7.032000 
830.258457, 4975.604620, -0.063062, 7.064000 
809.308201, 4997.559321, -0.062863, 7.096000 
790.827057, 5021.217519, -0.062752, 7.128000 
774.264158, 5045.988479, -0.062660, 7.160000 
759.205242, 5071.526955, -0.062550, 7.192000 
745.369276, 5097.623316, -0.062399, 7.224000 
732.579167, 5124.148304, -0.062202, 7.256000 
720.729101, 5151.023303, -0.061969, 7.288000 
709.759431, 5178.206940, -0.061716, 7.320000 
699.567729, 5205.904928, -0.061247, 7.352000 
690.769549, 5233.854408, -0.061026, 7.384000 
682.994136, 5261.959197, -0.060835, 7.416000 
675.953900, 5290.167704, -0.060667, 7.448000 
669.441350, 5318.450934, -0.060515, 7.480000 
663.315035, 5346.788800, -0.060368, 7.512000 
657.483630, 5375.165196, -0.060217, 7.544000 
651.890528, 5403.567130, -0.060060, 7.576000 
646.500706, 5431.985110, -0.059897, 7.608000 
641.303862, 5460.399207, -0.055964, 7.640000 
636.263818, 5488.824262, -0.052978, 7.672000 
631.368147, 5517.262662, -0.050772, 7.704000 
626.606139, 5545.680253, -0.064587, 7.736000 
621.234808, 5574.142110, -0.074367, 7.768000 
615.414077, 5602.471798, -0.080751, 7.800000 
609.256977, 5630.723190, -0.081297, 7.832000 
602.869168, 5658.907096, -0.081650, 7.864000 
596.313505, 5687.043603, -0.081974, 7.896000 
589.628781, 5715.142291, -0.082265, 7.928000 
582.838334, 5743.206343, -0.082599, 7.960000 
575.964002, 5771.225592, -0.085690, 7.992000 
569.003394, 5799.213455, -0.088311, 8.024000 
561.960138, 5827.172602, -0.090396, 8.056000 
554.833457, 5855.122219, -0.173659, 8.088000 
545.567001, 5883.149225, -0.173802, 8.120000 
534.472329, 5910.286087, -0.174186, 8.152000 
521.693723, 5936.711067, -0.174364, 8.184000 
507.976763, 5962.579604, -0.174450, 8.216000 
493.548146, 5988.009994, -0.174556, 8.248000 
478.544730, 6013.070256, -0.174693, 8.280000 
463.041607, 6037.791833, -0.174866, 8.312000 
446.484703, 6063.095372, -0.175369, 8.344000 
428.630473, 6086.359391, -0.176006, 8.376000 
408.787436, 6107.937884, -0.176586, 8.408000 
387.329152, 6128.168837, -0.176734, 8.440000 
365.041943, 6147.331736, -0.176847, 8.472000 
342.123016, 6165.638301, -0.176965, 8.504000 
318.690621, 6183.221105, -0.177103, 8.536000 
295.131976, 6199.909505, -0.177241, 8.568000 
271.620726, 6216.710295, -0.177442, 8.600000 
248.145469, 6233.556914, -0.177683, 8.632000 
224.755623, 6250.352968, -0.187836, 8.664000 
201.357685, 6267.108034, -0.187985, 8.696000 
177.906816, 6283.834164, -0.187720, 8.728000 
154.416555, 6300.527567, -0.186978, 8.760000 
130.464765, 6317.379259, 0.091253, 8.792000 
108.420601, 6336.397386, 0.091232, 8.824000 
89.117298, 6358.168441, 0.090803, 8.856000 
71.998661, 6382.586804, 0.091227, 8.888000 
56.585353, 6407.941146, 0.091338, 8.920000 
42.513814, 6433.951462, 0.091462, 8.952000 
29.555101, 6460.456327, 0.091621, 8.984000 
17.584694, 6487.361748, 0.091817, 9.016000 
6.552522, 6514.622260, 0.092045, 9.048000 
-4.033480, 6543.382030, 0.092734, 9.080000 
-10.301054, 6573.061394, 0.092905, 9.112000 
-13.372491, 6602.847319, 0.093006, 9.144000 
-14.157862, 6632.516081, 0.093059, 9.176000 
-13.307272, 6662.018758, 0.093092, 9.208000 
-11.264702, 6691.357961, 0.093146, 9.240000 
-8.306193, 6720.541383, 0.093243, 9.272000 
-4.605921, 6749.570489, 0.093388, 9.304000 
-0.270856, 6778.442956, 0.093574, 9.336000 
4.629080, 6807.158400, 0.093961, 9.368000 
10.002841, 6835.676493, 0.107048, 9.400000 
15.863439, 6864.256819, 0.165285, 9.432000 
23.610448, 6892.649418, 0.165246, 9.464000 
32.881256, 6920.374608, 0.165688, 9.496000 
43.416038, 6947.605300, 0.165872, 9.528000 
54.649014, 6974.483798, 0.165989, 9.560000 
66.373979, 7001.109064, 0.166121, 9.592000 
78.462396, 7027.536923, 0.166277, 9.624000 
90.835814, 7053.794753, 0.166460, 9.656000 
103.445979, 7079.895989, 0.166665, 9.688000 
116.200884, 7105.789999, 0.183468, 9.720000 
129.142807, 7131.568298, 0.196417, 9.752000 
142.253765, 7157.185001, 0.205656, 9.784000 
155.513908, 7182.731870, 0.212086, 9.816000 
168.917127, 7208.251036, 0.420228, 9.848000 
184.638520, 7233.043025, 0.419775, 9.880000 
202.726908, 7256.049242, 0.419792, 9.912000 
222.722907, 7277.712076, 0.419990, 9.944000 
243.564985, 7298.399521, 0.419987, 9.976000 
264.991225, 7318.374160, 0.420031, 10.008000 
286.841123, 7337.796507, 0.420130, 10.040000 
309.014254, 7356.757239, 0.420283, 10.072000 
331.446606, 7375.308521, 0.420481, 10.104000 
354.093516, 7393.487820, 0.420963, 10.136000 
376.761135, 7411.225087, 0.451169, 10.168000 
399.623081, 7428.713121, 0.472552, 10.200000 
422.660894, 7445.975827, 0.488636, 10.232000 
445.690229, 7463.118100, 0.852491, 10.264000 
470.278526, 7476.999509, 0.853693, 10.296000 
498.299310, 7487.254116, 0.851978, 10.328000 
527.109671, 7494.916011, 0.852108, 10.360000 
556.148976, 7500.763289, 0.851957, 10.392000 
585.296028, 7505.313057, 0.851876, 10.424000 
614.483765, 7508.887241, 0.851873, 10.456000 
643.666863, 7511.677649, 0.851936, 10.488000 
672.812605, 7513.801432, 0.852047, 10.520000 
701.900132, 7515.341629, 0.852188, 10.552000 
730.832926, 7516.369050, 0.852992, 10.584000 
759.471334, 7516.962782, 0.853057, 10.616000 
788.163791, 7517.189566, 0.853116, 10.648000 
816.882195, 7517.110527, 0.853202, 10.680000 
845.856966, 7516.771682, 0.854367, 10.712000 
875.395953, 7513.815448, 0.854520, 10.744000 
904.423901, 7508.864600, 0.854910, 10.776000 
933.052639, 7502.648926, 0.854991, 10.808000 
961.396732, 7495.579522, 0.855075, 10.840000 
989.531623, 7487.916342, 0.855185, 10.872000 
1017.496539, 7479.818302, 0.855331, 10.904000 
1045.308367, 7471.380699, 0.855514, 10.936000 
1072.975406, 7462.664102, 0.855828, 10.968000 
1100.464360, 7453.751518, 0.867630, 11.000000 
1127.731495, 7444.631368, 0.875597, 11.032000 
1154.960428, 7435.336750, 0.879638, 11.064000 
1182.158274, 7425.903733, 0.881348, 11.096000 
1209.328937, 7416.366749, 0.881956, 11.128000 
1236.491339, 7406.754876, 0.882169, 11.160000 
1263.636470, 7397.089636, 0.882406, 11.192000 
1290.769308, 7387.384178, 0.883058, 11.224000 
1318.161099, 7377.633282, 0.942159, 11.256000 
1345.214479, 7366.824682, 0.942080, 11.288000 
1371.768017, 7355.037227, 0.942751, 11.320000 
1397.976009, 7342.538403, 0.942963, 11.352000 
1423.951048, 7329.653118, 0.943083, 11.384000 
1449.765343, 7316.502428, 0.943222, 11.416000 
1475.458691, 7303.161885, 0.943380, 11.448000 
1501.051043, 7289.678033, 0.943557, 11.480000 
1526.513166, 7276.119829, 0.954716, 11.512000 
1551.905768, 7262.461533, 0.963173, 11.544000 
1577.209409, 7248.715366, 0.968630, 11.576000 
1602.476165, 7234.895184, 0.971320, 11.608000 
1627.715087, 7221.016174, 0.972200, 11.640000 
1652.933273, 7207.093102, 0.972411, 11.672000 
1678.133834, 7193.139172, 0.972395, 11.704000 
1703.321877, 7179.164410, 0.972412, 11.736000 
1728.501404, 7165.175513, 0.972571, 11.768000 
1753.675466, 7151.176110, 0.972770, 11.800000 
1778.941974, 7137.153855, 1.024446, 11.832000 
1803.840723, 7122.470780, 1.053954, 11.864000 
1828.401178, 7107.285823, 1.076383, 11.896000 
1852.794587, 7091.706820, 1.076549, 11.928000 
1877.015626, 7075.904328, 1.076684, 11.960000 
1901.118632, 7059.948394, 1.076856, 11.992000 
1925.134550, 7043.883468, 1.077027, 12.024000 
1949.079207, 7027.737946, 1.077326, 12.056000 
1972.931764, 7011.556109, 1.085468, 12.088000 
1996.737595, 6995.316968, 1.091522, 12.120000 
2020.497970, 6979.027160, 1.095377, 12.152000 
2044.225765, 6962.694248, 1.097227, 12.184000 
2067.930576, 6946.326566, 1.097697, 12.216000 
2091.617076, 6929.932492, 1.097663, 12.248000 
2115.289621, 6913.519724, 1.097547, 12.280000 
2138.952362, 6897.094291, 1.097467, 12.312000 
2162.608118, 6880.660269, 1.097463, 12.344000 
2186.258443, 6864.219900, 1.097528, 12.376000 
2209.967873, 6847.760012, 1.162123, 12.408000 
2233.240390, 6830.661736, 1.193839, 12.440000 
2256.103920, 6813.010229, 1.216763, 12.472000 
2278.744595, 6794.959160, 1.216862, 12.504000 
2301.171142, 6776.682586, 1.216992, 12.536000 
2323.449305, 6758.249146, 1.217179, 12.568000 
2345.617177, 6739.703000, 1.217355, 12.600000 
2367.694866, 6721.072507, 1.217583, 12.632000 
2389.653632, 6702.414276, 1.228630, 12.664000 
2411.553634, 6683.695190, 1.237126, 12.696000 
2433.402388, 6664.921146, 1.242892, 12.728000 
2455.208987, 6646.099377, 1.246190, 12.760000 
2476.980571, 6627.237967, 1.247692, 12.792000 
2498.723880, 6608.345110, 1.248138, 12.824000 
2520.445258, 6589.428232, 1.248218, 12.856000 
2542.211414, 6570.478285, 1.338976, 12.888000 
2563.406560, 6550.906156, 1.359800, 12.920000 
2584.055615, 6530.557467, 1.360218, 12.952000 
2604.264471, 6509.762875, 1.360395, 12.984000 
2624.172095, 6488.722116, 1.360529, 13.016000 
2643.868677, 6467.508615, 1.360662, 13.048000 
2663.406352, 6446.170307, 1.360815, 13.080000 
2682.813315, 6424.738221, 1.360989, 13.112000 
2702.050782, 6403.288047, 1.376343, 13.144000 
2721.206033, 6381.771993, 1.388178, 13.176000 
2740.287858, 6360.194806, 1.396162, 13.208000 
2759.304688, 6338.560748, 1.401037, 13.240000 
2778.266144, 6316.878056, 1.403821, 13.272000 
2797.182067, 6295.156214, 1.405435, 13.304000 
2816.075352, 6273.394384, 1.533726, 13.336000 
2834.133355, 6251.044506, 1.534555, 13.368000 
2851.188588, 6227.595658, 1.534418, 13.400000 
2867.527405, 6203.527947, 1.534624, 13.432000 
2883.364974, 6179.179265, 1.534704, 13.464000 
2898.843362, 6154.631926, 1.534808, 13.496000 
2914.047051, 6129.940175, 1.534939, 13.528000 
2929.023247, 6105.140148, 1.535094, 13.560000 
2943.799208, 6080.255448, 1.535269, 13.592000 
2958.343978, 6055.353779, 1.549578, 13.624000 
2972.748101, 6030.437025, 1.560028, 13.656000 
2987.025821, 6005.443643, 1.567186, 13.688000 
3001.189461, 5980.381305, 1.572445, 13.720000 
3015.261255, 5955.319735, 1.704262, 13.752000 
3027.812644, 5929.745565, 1.705060, 13.784000 
3038.821890, 5902.666487, 1.704670, 13.816000 
3048.713019, 5875.167188, 1.704827, 13.848000 
3057.802884, 5847.456641, 1.704860, 13.880000 
3066.300013, 5819.596847, 1.704919, 13.912000 
3074.330870, 5791.630732, 1.705010, 13.944000 
3081.967142, 5763.588782, 1.705131, 13.976000 
3089.248891, 5735.491134, 1.705275, 14.008000 
3096.200870, 5707.348399, 1.705437, 14.040000 
3102.809798, 5679.196091, 1.714597, 14.072000 
3109.132521, 5651.060216, 1.778611, 14.104000 
3113.390531, 5622.484875, 1.779078, 14.136000 
3115.939383, 5593.231366, 1.779004, 14.168000 
3117.263871, 5564.011404, 1.779087, 14.200000 
3117.706934, 5534.828901, 1.779108, 14.232000 
3117.494008, 5505.680714, 1.779146, 14.264000 
3116.769397, 5476.570443, 1.779158, 14.296000 
3115.609947, 5447.506005, 1.779260, 14.328000 
3114.055136, 5418.494793, 1.779420, 14.360000 
3112.133854, 5389.545043, 1.781556, 14.392000 
3109.846583, 5360.423836, 1.802310, 14.424000 
3105.660810, 5331.259086, 1.802388, 14.456000 
3100.006345, 5302.537294, 1.802789, 14.488000 
3093.177037, 5274.157746, 1.802930, 14.520000 
3085.609852, 5246.029712, 1.803044, 14.552000 
3077.503980, 5218.088813, 1.803169, 14.584000 
3068.984530, 5190.299726, 1.803314, 14.616000 
3060.126679, 5162.646869, 1.803483, 14.648000 
3050.974339, 5135.124201, 1.803685, 14.680000 
3041.603369, 5107.777511, 1.817692, 14.712000 
3031.979753, 5080.542882, 1.830543, 14.744000 
3022.100707, 5053.307137, 1.892002, 14.776000 
3011.118846, 5026.317039, 1.891980, 14.808000 
2999.156337, 4999.858559, 1.892520, 14.840000 
2986.329483, 4973.783168, 1.892799, 14.872000 
2973.048810, 4947.979428, 1.892924, 14.904000 
2959.441902, 4922.371422, 1.893063, 14.936000 
2945.588642, 4896.916734, 1.893220, 14.968000 
2931.537974, 4871.594586, 1.893394, 15.000000 
2917.319959, 4846.394919, 1.893657, 15.032000 
2903.001254, 4821.360909, 1.907515, 15.064000 
2888.542303, 4796.422191, 1.918924, 15.096000 
2873.939980, 4771.553076, 1.928165, 15.128000 
2859.214046, 4746.775106, 1.933595, 15.160000 
2844.394581, 4722.058341, 1.936690, 15.192000 
2829.509044, 4697.384473, 1.938566, 15.224000 
2814.577831, 4672.740053, 1.939949, 15.256000 
2799.614883, 4648.116291, 1.941199, 15.288000 
2784.628856, 4623.508064, 1.942398, 15.320000 
2769.624599, 4598.912740, 1.943472, 15.352000 
2754.604593, 4574.329065, 1.944294, 15.384000 
2739.570164, 4549.756316, 1.944767, 15.416000 
2724.522298, 4525.194417, 1.944985, 15.448000 
2709.462101, 4500.641674, 1.945011, 15.480000 
2694.390846, 4476.096691, 1.944959, 15.512000 
2679.300939, 4451.547150, 1.867041, 15.544000 
2665.045470, 4426.672967, 1.849499, 15.576000 
2651.530336, 4401.060727, 1.848761, 15.608000 
2631.595044, 4370.086847, 1.848301, 15.640000 
2620.071071, 4350.946376, 1.847929, 15.672000 
2603.846096, 4322.684299, 1.847608, 15.704000 
2591.852635, 4296.331971, 1.847311, 15.736000 
2580.052927, 4269.911245, 1.847028, 15.768000 
2568.425997, 4243.436415, 1.846759, 15.800000 
2556.991127, 4216.950955, 1.837145, 15.832000 
2545.692199, 4190.424038, 1.829450, 15.864000 
2534.516701, 4163.927913, 1.690694, 15.896000 
2525.582155, 4136.911413, 1.689850, 15.928000 
2518.747975, 4108.207894, 1.690202, 15.960000 
2513.429129, 4079.330592, 1.690066, 15.992000 
2508.198232, 4056.360560, 1.690056, 16.024000 
2502.773052, 4017.335297, 1.690022, 16.056000 
2499.579920, 3992.282524, 1.689955, 16.088000 
2496.718940, 3959.224930, 1.689857, 16.120000 
2495.934689, 3939.179192, 1.689735, 16.152000 
2496.595519, 3905.153656, 1.689598, 16.184000 
2498.683218, 3876.145786, 1.689434, 16.216000 
2502.191336, 3847.113612, 1.683142, 16.248000 
2505.826873, 3817.410088, 1.682807, 16.280000 
2513.783304, 3788.221494, 1.682331, 16.312000 
2520.580834, 3759.555436, 1.682254, 16.344000 
2528.570193, 3731.304124, 1.682187, 16.376000 
2537.436989, 3703.380688, 1.682099, 16.408000 
2546.986879, 3675.734867, 1.681973, 16.440000 
2557.105255, 3648.343928, 1.681803, 16.472000 
2567.727179, 3621.199342, 1.681594, 16.504000 
2578.814828, 3594.295360, 1.681005, 16.536000 
2590.261347, 3567.450825, 1.596069, 16.568000 
2602.902273, 3541.179795, 1.596115, 16.600000 
2616.660494, 3515.608475, 1.595869, 16.632000 
2631.444730, 3490.545974, 1.595486, 16.664000 
2646.727418, 3465.845012, 1.595347, 16.696000 
2662.362775, 3441.401093, 1.595198, 16.728000 
2678.258437, 3417.152070, 1.595033, 16.760000 
2694.356341, 3393.064775, 1.594852, 16.792000 
2710.620435, 3369.121936, 1.594654, 16.824000 
2726.967182, 3345.373249, 1.577785, 16.856000 
2743.446792, 3321.729794, 1.564200, 16.888000 
2760.050490, 3298.181075, 1.553821, 16.920000 
2776.780295, 3274.707981, 1.502005, 16.952000 
2794.059481, 3251.598227, 1.468732, 16.984000 
2811.736544, 3228.804616, 1.446298, 17.016000 
2829.751429, 3206.174663, 1.446156, 17.048000 
2847.953398, 3183.717634, 1.446043, 17.080000 
2866.285916, 3161.380874, 1.445875, 17.112000 
2884.713104, 3139.134528, 1.445706, 17.144000 
2903.211600, 3116.963659, 1.445381, 17.176000 
2921.735599, 3094.894203, 1.435926, 17.208000 
2940.313341, 3072.875745, 1.428645, 17.240000 
2958.940277, 3050.902891, 1.423661, 17.272000 
2977.610683, 3028.968150, 1.420768, 17.304000 
2996.318000, 3007.065648, 1.419357, 17.336000 
3015.055539, 2985.189824, 1.418751, 17.368000 
3033.831604, 2963.319226, 1.425371, 17.400000 
3052.547832, 2941.411566, 1.429052, 17.432000 
3071.223013, 2919.470048, 1.430830, 17.464000 
3089.868495, 2897.504333, 1.431547, 17.496000 
3108.493224, 2875.522159, 1.431869, 17.528000 
3127.103778, 2853.529093, 1.432113, 17.560000 
3145.704481, 2831.528805, 1.432322, 17.592000 
3164.297844, 2809.523412, 1.432498, 17.624000 
3182.885159, 2787.514005, 1.432625, 17.656000 
3201.467061, 2765.501112, 1.432689, 17.688000 
3220.043926, 2743.485055, 1.432689, 17.720000 
3238.616131, 2721.466149, 1.432635, 17.752000 
3257.184147, 2699.444791, 1.432546, 17.784000 
3275.748528, 2677.421455, 1.432443, 17.816000 
3294.309842, 2655.396624, 1.432344, 17.848000 
3312.880649, 2633.370605, 1.554642, 17.880000 
3330.633010, 2610.792847, 1.555729, 17.912000 
3347.410896, 2587.249743, 1.555877, 17.944000 
3363.489854, 2563.022808, 1.556200, 17.976000 
3379.076523, 2538.524843, 1.556376, 18.008000 
3394.309691, 2513.834434, 1.556555, 18.040000 
3409.272303, 2489.003130, 1.556745, 18.072000 
3424.010590, 2464.065399, 1.556945, 18.104000 
3438.550693, 2439.043673, 1.557155, 18.136000 
3452.860319, 2414.004386, 1.571460, 18.168000 
3467.026364, 2388.953809, 1.582311, 18.200000 
3481.061107, 2363.826290, 1.590146, 18.232000 
3494.983351, 2338.770212, 1.870085, 18.264000 
3505.537134, 2312.822914, 1.871467, 18.296000 
3512.610966, 2283.910242, 1.870095, 18.328000 
3517.132756, 2254.449240, 1.870191, 18.360000 
3519.792251, 2224.921218, 1.870066, 18.392000 
3521.048515, 2195.402408, 1.869993, 18.424000 
3521.186246, 2165.934033, 1.869983, 18.456000 
3520.375287, 2136.545972, 1.869971, 18.488000 
3518.698540, 2107.260446, 1.870080, 18.520000 
3516.195193, 2078.088587, 1.870646, 18.552000 
3512.906574, 2048.445357, 1.970522, 18.584000 
3503.707943, 2018.925197, 1.970274, 18.616000 
3489.994577, 1992.071818, 1.970258, 18.648000 
3472.177881, 1967.572326, 1.970338, 18.680000 
3452.474404, 1944.949514, 1.970287, 18.712000 
3431.497692, 1923.778344, 1.970272, 18.744000 
3409.613015, 1903.761363, 1.970336, 18.776000 
3387.040252, 1884.715119, 1.970493, 18.808000 
3363.916825, 1866.530538, 1.970730, 18.840000 
3340.334740, 1849.134798, 1.971024, 18.872000 
3316.548498, 1832.502853, 1.982575, 18.904000 
3292.620746, 1816.620357, 2.019966, 18.936000 
3268.374242, 1801.293336, 2.091772, 18.968000 
3243.620700, 1786.840758, 2.092267, 19.000000 
3217.940480, 1773.213342, 2.092421, 19.032000 
3192.032723, 1760.147714, 2.092621, 19.064000 
3165.971946, 1747.457623, 2.092749, 19.096000 
3139.805486, 1735.027634, 2.092891, 19.128000 
3113.566808, 1722.792247, 2.093049, 19.160000 
3087.279018, 1710.716349, 2.093222, 19.192000 
3060.992243, 1698.813489, 2.102862, 19.224000 
3034.676601, 1687.019282, 2.110066, 19.256000 
3008.373613, 1675.318864, 2.114181, 19.288000 
2982.028430, 1663.697986, 2.115930, 19.320000 
2955.648899, 1652.141495, 2.116268, 19.352000 
2929.242941, 1640.634079, 2.116419, 19.384000 
2902.821228, 1629.162063, 2.116496, 19.416000 
2876.388843, 1617.715145, 2.116645, 19.448000 
2849.946903, 1606.286897, 2.116806, 19.480000 
2823.503811, 1594.864456, 2.110793, 19.512000 
2797.110037, 1583.330560, 2.107490, 19.544000 
2770.733806, 1571.714278, 2.105850, 19.576000 
2744.384008, 1560.042722, 2.105047, 19.608000 
2718.051196, 1548.335090, 2.104501, 19.640000 
2691.729597, 1536.603777, 2.103976, 19.672000 
2665.416490, 1524.855857, 2.103460, 19.704000 
2639.110969, 1513.094820, 2.103051, 19.736000 
2612.813479, 1501.322208, 2.102706, 19.768000 
2586.524227, 1489.538845, 2.102412, 19.800000 
2560.241152, 1477.745689, 2.102348, 19.832000 
2533.962833, 1465.943963, 2.102414, 19.864000 
2507.688557, 1454.135263, 2.102552, 19.896000 
2481.417558, 1442.321304, 2.102710, 19.928000 
2455.149122, 1430.503670, 2.102852, 19.960000 
2428.882680, 1418.683626, 2.102958, 19.992000 
2402.617850, 1406.862018, 2.103025, 20.024000 
2376.337538, 1395.031000, 2.014956, 20.056000 
2350.287742, 1381.962954, 2.014689, 20.088000 
2324.964753, 1367.756928, 2.014021, 20.120000 
2300.167125, 1352.507844, 2.013711, 20.152000 
2275.741711, 1336.757910, 2.013525, 20.184000 
2251.583177, 1320.653023, 2.013334, 20.216000 
2227.631225, 1304.284634, 2.013132, 20.248000 
2203.854705, 1287.709551, 2.012915, 20.280000 
2180.237172, 1270.963351, 2.012649, 20.312000 
2156.831844, 1254.133586, 1.994564, 20.344000 
2133.541125, 1237.164739, 1.980418, 20.376000 
2110.366869, 1220.067470, 1.969958, 20.408000 
2087.288753, 1202.844105, 1.730717, 20.440000 
2065.307196, 1183.890001, 1.731030, 20.472000 
2045.237735, 1162.857264, 1.731274, 20.504000 
2026.621301, 1140.013820, 1.731051, 20.536000 
2009.086619, 1116.453941, 1.731060, 20.568000 
1992.366690, 1092.386578, 1.731024, 20.600000 
1976.297664, 1067.939154, 1.730935, 20.632000 
1960.788121, 1043.191146, 1.730798, 20.664000 
1945.789654, 1018.190548, 1.730620, 20.696000 
1931.274913, 992.963205, 1.730410, 20.728000 
1917.032028, 967.500130, 1.537154, 20.760000 
1906.465492, 941.176602, 1.535915, 20.792000 
1899.379033, 912.141442, 1.536634, 20.824000 
1894.885651, 882.651548, 1.536555, 20.856000 
1892.321023, 853.087633, 1.536637, 20.888000 
1891.239531, 823.529481, 1.536682, 20.920000 
1891.366273, 794.020232, 1.536677, 20.952000 
1892.543351, 764.589669, 1.536619, 20.984000 
1894.714051, 735.257036, 1.536499, 21.016000 
1897.944753, 704.830149, 1.515811, 21.048000 
1904.546651, 675.445278, 1.515780, 21.080000 
1913.935489, 647.238861, 1.515446, 21.112000 
1925.875551, 620.062419, 1.515300, 21.144000 
1939.272779, 593.737541, 1.515198, 21.176000 
1953.756609, 568.100778, 1.515086, 21.208000 
1969.095906, 543.042577, 1.514943, 21.240000 
1985.152927, 518.500823, 1.514759, 21.272000 
2002.249275, 493.863579, 1.514492, 21.304000 
2020.930855, 470.887782, 1.513743, 21.336000 
2040.848911, 449.214607, 1.513529, 21.368000 
2061.563823, 428.519737, 1.513337, 21.400000 
2082.840923, 408.546816, 1.513157, 21.432000 
2104.524795, 389.111748, 1.512979, 21.464000 
2126.511675, 370.091021, 1.512792, 21.496000 
2148.732396, 351.405349, 1.512591, 21.528000 
2171.141103, 333.003852, 1.512378, 21.560000 
2193.706585, 314.851605, 1.512013, 21.592000 
2216.331575, 296.998014, 1.490409, 21.624000 
2228.913077, 287.552459, 1.490540, 21.656000 
2241.297239, 279.094629, 1.490254, 21.688000 
2253.801941, 271.347881, 1.469772, 21.720000 
2266.383189, 264.073978, 1.438441, 21.752000 
2279.051109, 257.074477, 1.411597, 21.784000 
2291.793138, 250.241092, 1.392808, 21.816000 
2304.582055, 243.519638, 1.379375, 21.848000 
2317.400320, 236.873526, 1.369511, 21.880000 
2330.237061, 230.278459, 1.362112, 21.912000 
2343.085828, 223.718532, 1.356533, 21.944000 
2355.942671, 217.183739, 1.352351, 21.976000 
2368.805209, 210.667890, 1.349267, 22.008000 
2381.672062, 204.167113, 1.347073, 22.040000 
2394.542229, 197.678889, 1.345614, 22.072000 
2407.415281, 191.201446, 1.344766, 22.104000 
2420.290957, 184.733394, 1.344424, 22.136000 
2433.168025, 178.273523, 1.344226, 22.168000 
2446.047349, 171.820636, 1.344183, 22.200000 
2458.929328, 165.373657, 1.344249, 22.232000 
2471.813409, 158.931578, 1.344373, 22.264000 
2484.699096, 152.493462, 1.344525, 22.296000 
2497.585947, 146.058469, 1.344684, 22.328000 
2510.473582, 139.625866, 1.344836, 22.360000 
2523.361682, 133.195040, 1.344975, 22.392000 
2536.249992, 126.765490, 1.345096, 22.424000 
2544.875775, 122.466395, 1.344851, 22.456000 
2553.403009, 118.946443, 1.328407, 22.488000 
2561.801885, 115.993959, 1.286135, 22.520000 
2570.215966, 113.299913, 1.258966, 22.552000 
2578.633799, 110.779824, 1.241732, 22.584000 
2587.047321, 108.376129, 1.230707, 22.616000 
2595.453422, 106.048952, 1.223620, 22.648000 
2603.852192, 103.771338, 1.219116, 22.680000 
2612.244437, 101.525290, 1.216336, 22.712000 
2620.631251, 99.299010, 1.214721, 22.744000 
2629.013635, 97.084911, 1.213907, 22.776000 
2637.392438, 94.878233, 1.213652, 22.808000 
2645.767365, 92.676108, 1.213524, 22.840000 
2654.138960, 90.476741, 1.213410, 22.872000 
2662.507930, 88.279137, 1.213300, 22.904000 
2670.874827, 86.082776, 1.213192, 22.936000 
2679.240778, 83.887407, 1.213155, 22.968000 
2687.606777, 81.692937, 1.213183, 23.000000 
2695.972810, 79.499330, 1.213250, 23.032000 
2704.338858, 77.306566, 1.213339, 23.064000 
2712.704905, 75.114619, 1.213439, 23.096000 
2721.070932, 72.923454, 1.213542, 23.128000 
2729.436920, 70.733021, 1.213642, 23.160000 
2737.802847, 68.543260, 1.213737, 23.192000 
2746.168692, 66.354106, 1.213823, 23.224000 
2754.534432, 64.165489, 1.213902, 23.256000 
2762.900049, 61.977340, 1.213971, 23.288000 
2771.265522, 59.789594, 1.214031, 23.320000 
2779.630832, 57.602190, 1.214084, 23.352000 
2787.995966, 55.415074, 1.214128, 23.384000 
2796.360909, 53.228199, 1.214166, 23.416000 
2804.725651, 51.041522, 1.214198, 23.448000 
2813.090181, 48.855011, 1.214224, 23.480000 
2821.454491, 46.668637, 1.214246, 23.512000 
2829.818576, 44.482379, 1.214264, 23.544000 
2838.182430, 42.296219, 1.214278, 23.576000 
2846.546050, 40.110143, 1.214290, 23.608000 
2854.909432, 37.924142, 1.214299, 23.640000 
2863.272576, 35.738207, 1.214307, 23.672000 
2871.635478, 33.552335, 1.214313, 23.704000 
2879.998140, 31.366521, 1.214317, 23.736000 
2888.360560, 29.180765, 1.214321, 23.768000 
2896.722737, 26.995063, 1.214324, 23.800000 
2905.084673, 24.809418, 1.214326, 23.832000 
2910.730419, 23.338071, 1.213970, 23.864000 
2913.582942, 22.603488, 1.213666, 23.896000 
2916.332054, 21.918299, 1.210556, 23.928000 
2918.972466, 21.268270, 1.209240, 23.960000 
2921.510486, 20.646984, 1.208888, 23.992000 
2923.951509, 20.049889, 1.208669, 24.024000 
2926.309553, 19.473820, 1.208931, 24.056000 
2928.588131, 18.916584, 1.209447, 24.088000 
2930.790590, 18.376703, 1.210260, 24.120000 
2932.921816, 17.853092, 1.210955, 24.152000 
2934.983679, 17.344907, 1.211547, 24.184000 
2936.978146, 16.851487, 1.212053, 24.216000 
2938.907282, 16.372281, 1.212489, 24.248000 
2940.773199, 15.906808, 1.212867, 24.280000 
2942.578015, 15.454628, 1.213199, 24.312000 
2944.323827, 15.015342, 1.213491, 24.344000 
2946.012702, 14.588567, 1.213752, 24.376000 
2947.646642, 14.173953, 1.213988, 24.408000 
2949.227595, 13.771152, 1.214202, 24.440000 
2950.757447, 13.379830, 1.214400, 24.472000 
2952.238015, 12.999669, 1.214584, 24.504000 
2953.671049, 12.630350, 1.214757, 24.536000 
2955.058232, 12.271572, 1.214921, 24.568000 
2956.401183, 11.923036, 1.215077, 24.600000 
2957.701457, 11.584450, 1.215227, 24.632000 
2958.960551, 11.255536, 1.215373, 24.664000 
2960.179895, 10.936017, 1.215515, 24.696000 
2961.360869, 10.625627, 1.215653, 24.728000 
2962.504790, 10.324101, 1.215789, 24.760000 
2963.612935, 10.031191, 1.215923, 24.792000 
2964.686517, 9.746644, 1.216055, 24.824000 
2965.726712, 9.470222, 1.216185, 24.856000 
2966.734586, 9.201609, 1.216311, 24.888000 
2967.711295, 8.940595, 1.216435, 24.920000 
2968.657974, 8.686996, 1.216556, 24.952000 
2969.575714, 8.440627, 1.216674, 24.984000 
2970.465766, 8.201291, 1.216754, 25.016000 
2971.328979, 7.968798, 1.216810, 25.048000 
2972.166225, 7.742951, 1.216858, 25.080000 
2972.978293, 7.523569, 1.216903, 25.112000 
2973.765991, 7.310459, 1.216943, 25.144000 
2974.530075, 7.103442, 1.216982, 25.176000 
2975.271272, 6.902343, 1.217020, 25.208000 
2975.990302, 6.706989, 1.217057, 25.240000 
2976.687855, 6.517211, 1.217093, 25.272000 
2977.364598, 6.332848, 1.217128, 25.304000 
2978.021172, 6.153744, 1.217163, 25.336000 
2978.658197, 5.979747, 1.217198, 25.368000 
2979.276291, 5.810705, 1.217231, 25.400000 
2979.876029, 5.646477, 1.217264, 25.432000 
2980.457988, 5.486921, 1.217295, 25.464000 
2981.022702, 5.331907, 1.217327, 25.496000 
2981.570711, 5.181299, 1.217357, 25.528000 
2982.102519, 5.034974, 1.217387, 25.560000 
2982.618635, 4.892804, 1.217414, 25.592000 
2983.119531, 4.754672, 1.217442, 25.624000 
2983.605669, 4.620464, 1.217469, 25.656000 
2984.077510, 4.490062, 1.217494, 25.688000 
2984.535490, 4.363359, 1.217517, 25.720000 
2984.980020, 4.240251, 1.217541, 25.752000 
2985.411512, 4.120635, 1.217565, 25.784000 
2985.830355, 4.004410, 1.217588, 25.816000 
2986.236950, 3.891476, 1.217609, 25.848000 
2986.631647, 3.781743, 1.217631, 25.880000 
2987.014825, 3.675115, 1.217650, 25.912000 
2987.386812, 3.571509, 1.217670, 25.944000 
2987.747965, 3.470832, 1.217687, 25.976000 
2988.098586, 3.373009, 1.217707, 26.008000 
2988.439008, 3.277951, 1.217724, 26.040000 
2988.769537, 3.185581, 1.217740, 26.072000 
2989.090459, 3.095824, 1.217756, 26.104000 
2989.402061, 3.008607, 1.217774, 26.136000 
2989.704633, 2.923852, 1.217788, 26.168000 
2989.998439, 2.841493, 1.217801, 26.200000 
2990.283729, 2.761464, 1.217817, 26.232000 
2990.560774, 2.683692, 1.217829, 26.264000 
2990.829804, 2.608120, 1.217843, 26.296000 
2991.091063, 2.534681, 1.217856, 26.328000 
2991.344782, 2.463315, 1.217868, 26.360000 
2991.591184, 2.393964, 1.217879, 26.392000 
2991.830484, 2.326570, 1.217890, 26.424000 
2992.062879, 2.261082, 1.217904, 26.456000 
2992.288588, 2.197440, 1.217916, 26.488000 
2992.507809, 2.135592, 1.217924, 26.520000 
2992.720724, 2.075489, 1.217935, 26.552000 
2992.927522, 2.017082, 1.217944, 26.584000 
2993.128382, 1.960322, 1.217953, 26.616000 
2993.323474, 1.905164, 1.217964, 26.648000 
2993.512972, 1.851560, 1.217972, 26.680000 
2993.697040, 1.799467, 1.217980, 26.712000 
2993.875833, 1.748843, 1.217988, 26.744000 
2994.049510, 1.699645, 1.217995, 26.776000 
2994.218207, 1.651836, 1.218006, 26.808000 
2994.382081, 1.605373, 1.218014, 26.840000 
2994.541272, 1.560219, 1.218020, 26.872000 
2994.695914, 1.516337, 1.218027, 26.904000 
2994.846143, 1.473690, 1.218031, 26.936000 
2994.992072, 1.432247, 1.218042, 26.968000 
2995.133837, 1.391972, 1.218050, 27.000000 
2995.271567, 1.352827, 1.218052, 27.032000 
2995.405368, 1.314786, 1.218057, 27.064000 
2995.535355, 1.277816, 1.218063, 27.096000 
2995.661632, 1.241890, 1.218072, 27.128000 
2995.784318, 1.206973, 1.218077, 27.160000 
2995.902644, 1.173286, 1.218086, 27.192000 
2996.017807, 1.140488, 1.218087, 27.224000 
2996.129830, 1.108575, 1.218094, 27.256000 
2996.238780, 1.077528, 1.218100, 27.288000 
2996.344729, 1.047328, 1.218102, 27.320000 
2996.447739, 1.017957, 1.218106, 27.352000 
2996.547880, 0.989396, 1.218111, 27.384000 
2996.645227, 0.961624, 1.218113, 27.416000 
2996.739842, 0.934625, 1.218120, 27.448000 
2996.831810, 0.908375, 1.218119, 27.480000 
2996.921186, 0.882859, 1.218125, 27.512000 
2997.008047, 0.858055, 1.218128, 27.544000 
2997.092457, 0.833945, 1.218134, 27.576000 
2997.174483, 0.810510, 1.218141, 27.608000 
2997.254195, 0.787732, 1.218145, 27.640000 
2997.331661, 0.765590, 1.218143, 27.672000 
2997.406939, 0.744069, 1.218142, 27.704000 
2997.480079, 0.723156, 1.218153, 27.736000 
2997.551162, 0.702826, 1.218150, 27.768000 
2997.620222, 0.683072, 1.218164, 27.800000 
2997.687344, 0.663868, 1.218156, 27.832000 
2997.752562, 0.645206, 1.218159, 27.864000 
2997.815937, 0.627068, 1.218160, 27.896000 
2997.877515, 0.609441, 1.218169, 27.928000 
2997.937357, 0.592309, 1.218169, 27.960000 
2997.995506, 0.575658, 1.218170, 27.992000 
2998.052002, 0.559478, 1.218185, 28.024000 
2998.106909, 0.543750, 1.218182, 28.056000 
2998.160261, 0.528465, 1.218186, 28.088000 
2998.212112, 0.513609, 1.218179, 28.120000 
2998.262487, 0.499173, 1.218191, 28.152000 
2998.311447, 0.485140, 1.218188, 28.184000 
2998.359016, 0.471505, 1.218198, 28.216000 
2998.405242, 0.458252, 1.218204, 28.248000 
2998.450167, 0.445371, 1.218199, 28.280000 
2998.493821, 0.432852, 1.218200, 28.312000 
2998.536241, 0.420686, 1.218205, 28.344000 
2998.577473, 0.408859, 1.218190, 28.376000 
2998.617536, 0.397367, 1.218193, 28.408000 
2998.656470, 0.386198, 1.218192, 28.440000 
2998.694298, 0.375345, 1.218206, 28.472000 
2998.731061, 0.364796, 1.218211, 28.504000 
2998.766793, 0.354541, 1.218199, 28.536000 
2998.801507, 0.344578, 1.218216, 28.568000 
2998.835248, 0.334894, 1.218214, 28.600000 
2998.868038, 0.325481, 1.218209, 28.632000 
2998.899906, 0.316332, 1.218202, 28.664000 
2998.930868, 0.307443, 1.218216, 28.696000 
2998.960957, 0.298803, 1.218223, 28.728000 
2998.990202, 0.290405, 1.218218, 28.760000 
2999.018618, 0.282244, 1.218226, 28.792000 
2999.046240, 0.274311, 1.218214, 28.824000 
2999.073082, 0.266601, 1.218210, 28.856000 
2999.099166, 0.259109, 1.218212, 28.888000 
2999.124514, 0.251828, 1.218219, 28.920000 
2999.149146, 0.244751, 1.218227, 28.952000 
2999.173084, 0.237874, 1.218234, 28.984000 
2999.196349, 0.231189, 1.218233, 29.016000 
2999.218961, 0.224691, 1.218223, 29.048000 
2999.240930, 0.218378, 1.218238, 29.080000 
2999.262283, 0.212242, 1.218240, 29.112000 
2999.283039, 0.206276, 1.218221, 29.144000 
2999.303209, 0.200479, 1.218219, 29.176000 
2999.322806, 0.194846, 1.218237, 29.208000 
2999.341856, 0.189370, 1.218227, 29.240000 
2999.360369, 0.184049, 1.218225, 29.272000 
2999.378359, 0.178877, 1.218234, 29.304000 
2999.395839, 0.173852, 1.218252, 29.336000 
2999.412836, 0.168965, 1.218223, 29.368000 
2999.429346, 0.164218, 1.218242, 29.400000 
2999.445389, 0.159605, 1.218264, 29.432000 
2999.460992, 0.155118, 1.218226, 29.464000 
2999.476150, 0.150759, 1.218229, 29.496000 
2999.490883, 0.146523, 1.218223, 29.528000 
2999.505193, 0.142407, 1.218264, 29.560000 
2999.519112, 0.138404, 1.218229, 29.592000 
2999.532635, 0.134515, 1.218227, 29.624000 
2999.545770, 0.130737, 1.218268, 29.656000 
2999.558549, 0.127061, 1.218216, 29.688000 
2999.570956, 0.123493, 1.218259, 29.720000 
2999.583016, 0.120024, 1.218276, 29.752000 
2999.594742, 0.116650, 1.218248, 29.784000 
2999.606136, 0.113372, 1.218244, 29.816000 
2999.617205, 0.110188, 1.218269, 29.848000 
2999.627969, 0.107090, 1.218242, 29.880000 
2999.638429, 0.104081, 1.218232, 29.912000 
2999.648593, 0.101157, 1.218245, 29.944000 
2999.658467, 0.098316, 1.218279, 29.976000 
2999.668071, 0.095552, 1.218241, 30.008000 
2999.677406, 0.092866, 1.218207, 30.040000 
2999.686468, 0.090259, 1.218278, 30.072000 
2999.695281, 0.087723, 1.218272, 30.104000 
2999.703846, 0.085258, 1.218263, 30.136000 
2999.712171, 0.082862, 1.218253, 30.168000 
2999.720262, 0.080533, 1.218241, 30.200000 
2999.728127, 0.078270, 1.218223, 30.232000 
2999.735773, 0.076070, 1.218197, 30.264000 
2999.743194, 0.073935, 1.218277, 30.296000 
2999.750415, 0.071856, 1.218237, 30.328000 
2999.757426, 0.069839, 1.218289, 30.360000 
2999.764250, 0.067874, 1.218201, 30.392000 
2999.770879, 0.065967, 1.218200, 30.424000 
2999.777310, 0.064116, 1.218318, 30.456000 
2999.783570, 0.062314, 1.218280, 30.488000 
2999.789648, 0.060565, 1.218331, 30.520000 
2999.795567, 0.058860, 1.218199, 30.552000 
2999.801306, 0.057208, 1.218303, 30.584000 
2999.806894, 0.055600, 1.218228, 30.616000 
2999.812321, 0.054038, 1.218240, 30.648000 
2999.817598, 0.052519, 1.218202, 30.680000 
2999.822722, 0.051044, 1.218266, 30.712000 
2999.827703, 0.049610, 1.218275, 30.744000 
2999.832549, 0.048215, 1.218204, 30.776000 
2999.837255, 0.046861, 1.218227, 30.808000 
2999.841833, 0.045543, 1.218176, 30.840000 
2999.846277, 0.044264, 1.218224, 30.872000 
2999.850601, 0.043020, 1.218188, 30.904000 
2999.854798, 0.041812, 1.218251, 30.936000 
2999.858881, 0.040637, 1.218217, 30.968000 
2999.862845, 0.039496, 1.218280, 31.000000 
2999.866702, 0.038385, 1.218232, 31.032000 
2999.870447, 0.037308, 1.218277, 31.064000 
2999.874092, 0.036258, 1.218198, 31.096000 
2999.877631, 0.035240, 1.218210, 31.128000 
2999.881066, 0.034251, 1.218340, 31.160000 
2999.884408, 0.033289, 1.218334, 31.192000 
2999.887651, 0.032355, 1.218420, 31.224000 
2999.890808, 0.031445, 1.218343, 31.256000 
2999.893875, 0.030562, 1.218351, 31.288000 
2999.896862, 0.029701, 1.218176, 31.320000 
2999.899753, 0.028869, 1.218390, 31.352000 
2999.902577, 0.028055, 1.218136, 31.384000 
2999.905312, 0.027268, 1.218255, 31.416000 
2999.907974, 0.026502, 1.218194, 31.448000 
2999.910560, 0.025757, 1.218224, 31.480000 
2999.913069, 0.025035, 1.218373, 31.512000 
2999.915513, 0.024331, 1.218288, 31.544000 
2999.917886, 0.023647, 1.218279, 31.576000 
2999.920190, 0.022984, 1.218383, 31.608000 
2999.922435, 0.022337, 1.218216, 31.640000 
2999.924618, 0.021708, 1.218119, 31.672000 
2999.926737, 0.021098, 1.218133, 31.704000 
2999.928793, 0.020507, 1.218274, 31.736000 
2999.930799, 0.019929, 1.218103, 31.768000 
2999.932740, 0.019372, 1.218472, 31.800000 
2999.932757, 0.019367, 1.218665, 31.832000 
2999.934686, 0.018810, 1.218581, 31.864000 
2999.934700, 0.018806, 1.218520, 31.896000 
2999.934709, 0.018804, 1.218475, 31.928000 
2999.934716, 0.018801, 1.218442, 31.960000 
2999.934722, 0.018800, 1.218418, 31.992000 
2999.934727, 0.018798, 1.218400, 32.024000 
2999.934731, 0.018797, 1.218386, 32.056000 
2999.934734, 0.018796, 1.218376, 32.088000 
2999.934736, 0.018796, 1.218368, 32.120000 
2999.934738, 0.018795, 1.218362, 32.152000 
2999.934740, 0.018795, 1.218358, 32.184000 
2999.934741, 0.018794, 1.218354, 32.216000 
2999.934742, 0.018794, 1.218351, 32.248000 
2999.934743, 0.018794, 1.218349, 32.280000 
2999.934743, 0.018794, 1.218347, 32.312000 
2999.934744, 0.018793, 1.218346, 32.344000 
2999.934744, 0.018793, 1.218345, 32.376000 
2999.934745, 0.018793, 1.218344, 32.408000 
2999.934745, 0.018793, 1.218344, 32.440000 
2999.934745, 0.018793, 1.218343, 32.472000 
2999.934745, 0.018793, 1.218343, 32.504000 
2999.934746, 0.018793, 1.218342, 32.536000 
2999.934746, 0.018793, 1.218342, 32.568000 
2999.934746, 0.018793, 1.218342, 32.600000 
2999.934746, 0.018793, 1.218342, 32.632000 
2999.934746, 0.018793, 1.218342, 32.664000 
2999.934746, 0.018793, 1.218341, 32.696000 
2999.934746, 0.018793, 1.218341, 32.728000 
2999.934746, 0.018793, 1.218341, 32.760000 
2999.934746, 0.018793, 1.218341, 32.792000 
2999.934746, 0.018793, 1.218341, 32.824000 
2999.934746, 0.018793, 1.218341, 32.856000 
2999.934746, 0.018793, 1.218341, 32.888000 
2999.934746, 0.018793, 1.218341, 32.920000 
2999.934746, 0.018793, 1.218341, 32.952000 
2999.934746, 0.018793, 1.218341, 32.984000 
2999.934746, 0.018793, 1.218341, 33.016000 
2999.934746, 0.018793, 1.218341, 33.048000 
2999.934746, 0.018793, 1.218341, 33.080000 
