-0.000000, -0.000000, 0.000000, 0.056000 
-0.000000, 10.043006, 0.000022, 0.088000 
0.590764, 26.966848, 0.000159, 0.120000 
1.600412, 44.047874, 0.002565, 0.152000 
2.900919, 61.389540, 0.004675, 0.184000 
4.404687, 78.745741, 0.005976, 0.216000 
6.050987, 96.059494, 0.006800, 0.248000 
7.798119, 113.341310, 0.007346, 0.280000 
9.618053, 130.599233, 0.007692, 0.312000 
11.492448, 147.838631, 0.007882, 0.344000 
13.409475, 165.062613, 0.008066, 0.376000 
15.361919, 182.273552, 0.008284, 0.408000 
17.345196, 199.473375, 0.008525, 0.440000 
19.356449, 216.663714, 0.008780, 0.472000 
23.377559, 243.897009, 0.008324, 0.504000 
26.337078, 278.029859, 0.007963, 0.536000 
28.428782, 312.768203, 0.007440, 0.568000 
29.893195, 347.512725, 0.007046, 0.600000 
30.892580, 382.266439, 0.006717, 0.632000 
31.523011, 417.024897, 0.006426, 0.664000 
31.835256, 451.776039, 0.006186, 0.696000 
31.849260, 486.508607, 0.005964, 0.728000 
31.567624, 521.218641, 0.005691, 0.760000 
30.979409, 556.005803, 0.005194, 0.792000 
29.859618, 590.700633, 0.005012, 0.824000 
28.340673, 625.338379, 0.004869, 0.856000 
26.527562, 659.944561, 0.004740, 0.888000 
24.493575, 694.533852, 0.004620, 0.920000 
22.283895, 729.110791, 0.004500, 0.952000 
19.922125, 763.673805, 0.004372, 0.984000 
17.417507, 798.220004, 0.004242, 1.016000 
14.769764, 832.748530, 0.004012, 1.048000 
11.967762, 867.220656, 0.003819, 1.080000 
9.140192, 901.678793, 0.003580, 1.112000 
6.292329, 936.131521, 0.003335, 1.144000 
3.427716, 970.579738, 0.003123, 1.176000 
0.549187, 1005.025700, 0.003097, 1.208000 
-2.340969, 1039.469639, 0.003132, 1.240000 
-5.240798, 1073.911724, 0.003187, 1.272000 
-8.148872, 1108.352085, 0.003234, 1.304000 
-11.065768, 1142.774228, 0.005644, 1.336000 
-13.676599, 1177.270466, 0.006643, 1.368000 
-16.057978, 1211.806667, 0.007096, 1.400000 
-18.272495, 1246.346438, 0.007406, 1.432000 
-20.363613, 1280.892578, 0.007669, 1.464000 
-22.357754, 1315.444188, 0.007897, 1.496000 
-24.268572, 1349.997984, 0.008099, 1.528000 
-26.101665, 1384.550159, 0.008368, 1.560000 
-27.858170, 1419.099851, 0.008696, 1.592000 
-29.536558, 1453.676719, 0.011467, 1.624000 
-30.513267, 1488.410672, 0.011857, 1.656000 
-30.961567, 1523.106911, 0.011945, 1.688000 
-31.022806, 1557.786286, 0.012027, 1.720000 
-30.794760, 1592.461548, 0.012103, 1.752000 
-30.336794, 1627.134087, 0.012183, 1.784000 
-29.679250, 1661.798911, 0.012270, 1.816000 
-28.833494, 1696.450557, 0.012365, 1.848000 
-27.798969, 1731.088230, 0.012466, 1.880000 
-26.562944, 1765.824175, 0.015616, 1.912000 
-24.254922, 1800.604383, 0.015749, 1.944000 
-21.111229, 1835.243389, 0.016220, 1.976000 
-17.362356, 1869.791299, 0.016338, 2.008000 
-13.157171, 1904.280120, 0.016454, 2.040000 
-8.585373, 1938.720910, 0.016583, 2.072000 
-3.693465, 1973.111305, 0.016730, 2.104000 
1.501227, 2007.445436, 0.016976, 2.136000 
6.987763, 2042.045322, 0.041009, 2.168000 
13.730229, 2076.313026, 0.041028, 2.200000 
21.584727, 2110.258040, 0.041609, 2.232000 
30.169503, 2143.975009, 0.041756, 2.264000 
39.294487, 2177.532061, 0.041877, 2.296000 
48.839811, 2210.964153, 0.042015, 2.328000 
58.735319, 2244.281944, 0.042173, 2.360000 
68.944302, 2277.484673, 0.042352, 2.392000 
79.409234, 2310.528265, 0.054217, 2.424000 
90.172800, 2343.736095, 0.109361, 2.456000 
102.263737, 2376.478891, 0.109219, 2.488000 
115.693159, 2408.667895, 0.109743, 2.520000 
129.904741, 2440.461299, 0.109903, 2.552000 
144.685807, 2471.974772, 0.110011, 2.584000 
159.902681, 2503.270658, 0.110144, 2.616000 
175.475124, 2534.373074, 0.110307, 2.648000 
191.357880, 2565.287329, 0.110497, 2.680000 
207.454765, 2595.943147, 0.130492, 2.712000 
223.825273, 2626.436307, 0.147971, 2.744000 
240.483481, 2656.962333, 0.231480, 2.776000 
258.287807, 2686.845712, 0.231256, 2.808000 
277.442599, 2715.988129, 0.231540, 2.840000 
297.287181, 2744.605821, 0.231713, 2.872000 
317.628071, 2772.853745, 0.231810, 2.904000 
338.342595, 2800.816944, 0.231938, 2.936000 
359.354496, 2828.532503, 0.232102, 2.968000 
380.617701, 2856.014124, 0.232294, 3.000000 
402.016208, 2883.183426, 0.256539, 3.032000 
423.627379, 2910.171459, 0.275650, 3.064000 
445.456868, 2937.059731, 0.355223, 3.096000 
467.978081, 2963.368110, 0.355542, 3.128000 
491.450053, 2989.028963, 0.355814, 3.160000 
515.347921, 3014.246569, 0.356002, 3.192000 
539.545515, 3039.163247, 0.356118, 3.224000 
563.961350, 3063.857587, 0.356260, 3.256000 
588.542509, 3088.365609, 0.356427, 3.288000 
613.254597, 3112.702698, 0.356723, 3.320000 
638.016591, 3136.821967, 0.373228, 3.352000 
662.886302, 3160.827582, 0.383935, 3.384000 
687.852211, 3184.732205, 0.390193, 3.416000 
712.899754, 3208.550380, 0.394033, 3.448000 
738.032216, 3232.313025, 0.408730, 3.480000 
763.311186, 3255.903364, 0.418213, 3.512000 
788.699708, 3279.375295, 0.425413, 3.544000 
814.164128, 3302.763733, 0.431973, 3.576000 
839.682290, 3326.091384, 0.438292, 3.608000 
865.241305, 3349.371497, 0.444065, 3.640000 
890.834184, 3372.611438, 0.448775, 3.672000 
916.457520, 3395.815864, 0.451963, 3.704000 
942.107969, 3418.988836, 0.453609, 3.736000 
967.781448, 3442.134859, 0.454042, 3.768000 
993.473469, 3465.258864, 0.454013, 3.800000 
1019.179585, 3488.365700, 0.453931, 3.832000 
1044.896239, 3511.459305, 0.453891, 3.864000 
1070.620966, 3534.556734, 0.400791, 3.896000 
1095.894553, 3558.164649, 0.368359, 3.928000 
1120.870883, 3582.210053, 0.363428, 3.960000 
1145.582850, 3606.527840, 0.363034, 3.992000 
1170.102973, 3631.030096, 0.362629, 4.024000 
1194.483484, 3655.667004, 0.362276, 4.056000 
1218.748839, 3680.405667, 0.361948, 4.088000 
1242.861327, 3705.176413, 0.348389, 4.120000 
1266.895110, 3730.020230, 0.338191, 4.152000 
1290.856310, 3754.932879, 0.331564, 4.184000 
1314.752207, 3779.907040, 0.327752, 4.216000 
1338.591751, 3804.933834, 0.325581, 4.248000 
1362.399307, 3830.022935, 0.173136, 4.280000 
1385.095629, 3856.054658, 0.172737, 4.312000 
1406.495018, 3883.710892, 0.173002, 4.344000 
1426.964619, 3911.980822, 0.172807, 4.376000 
1446.772762, 3940.689171, 0.172751, 4.408000 
1466.076769, 3969.721039, 0.172653, 4.440000 
1484.956902, 3998.998664, 0.172507, 4.472000 
1503.452189, 4028.470801, 0.172325, 4.504000 
1521.519561, 4058.033756, 0.152842, 4.536000 
1539.271163, 4087.645697, 0.134154, 4.568000 
1556.754050, 4117.423841, 0.120372, 4.600000 
1573.996843, 4147.276139, -0.050575, 4.632000 
1588.908379, 4178.297048, -0.051263, 4.664000 
1601.490237, 4211.228592, -0.050876, 4.696000 
1612.337157, 4244.675489, -0.050970, 4.728000 
1621.872044, 4278.482302, -0.050927, 4.760000 
1630.345406, 4312.548817, -0.050941, 4.792000 
1637.882586, 4346.802743, -0.051019, 4.824000 
1644.530281, 4381.197475, -0.051147, 4.856000 
1650.287960, 4415.718158, -0.051303, 4.888000 
1655.268042, 4450.690659, -0.051661, 4.920000 
1656.142378, 4486.463851, -0.051776, 4.952000 
1653.854084, 4521.946297, -0.051792, 4.984000 
1649.111009, 4557.080833, -0.051780, 5.016000 
1642.376068, 4591.868128, -0.051774, 5.048000 
1633.886544, 4626.292378, -0.051815, 5.080000 
1623.303705, 4661.681773, -0.052018, 5.112000 
1607.983634, 4694.574758, -0.052627, 5.144000 
1588.185604, 4724.900649, -0.052748, 5.176000 
1565.412624, 4752.821248, -0.052806, 5.208000 
1540.280823, 4778.526815, -0.052854, 5.240000 
1513.113373, 4802.094818, -0.052931, 5.272000 
1483.423783, 4823.858897, -0.053113, 5.304000 
1451.282016, 4840.925893, -0.053249, 5.336000 
1417.669872, 4854.048603, -0.053352, 5.368000 
1383.163647, 4863.893729, -0.053429, 5.400000 
1348.094981, 4870.939630, -0.053507, 5.432000 
1312.655889, 4875.463370, -0.053606, 5.464000 
1277.913488, 4877.446100, -0.053663, 5.496000 
1243.120573, 4879.319089, -0.053824, 5.528000 
1208.335959, 4881.041522, -0.054037, 5.560000 
1173.865212, 4882.543269, -0.055367, 5.592000 
1139.425085, 4883.797297, -0.055504, 5.624000 
1104.901825, 4884.807468, -0.055620, 5.656000 
1070.344032, 4885.610169, -0.055105, 5.688000 
1035.622507, 4886.252263, -0.044860, 5.720000 
1000.063664, 4891.280711, -0.044098, 5.752000 
965.484560, 4899.857532, -0.043422, 5.784000 
931.851410, 4911.479252, -0.043245, 5.816000 
899.089114, 4925.296891, -0.043138, 5.848000 
865.519226, 4941.727524, -0.042894, 5.880000 
835.958880, 4963.608410, -0.042812, 5.912000 
810.050131, 4989.044739, -0.042770, 5.944000 
787.184615, 5016.832863, -0.042740, 5.976000 
766.823413, 5046.243314, -0.042660, 6.008000 
748.569199, 5076.823162, -0.042500, 6.040000 
732.159762, 5108.286686, -0.042262, 6.072000 
717.433832, 5140.455210, -0.041971, 6.104000 
704.298829, 5173.228289, -0.041663, 6.136000 
692.748037, 5206.536964, -0.041373, 6.168000 
682.785319, 5240.148142, -0.041135, 6.200000 
673.993787, 5273.964423, -0.040933, 6.232000 
666.065412, 5307.927718, -0.040757, 6.264000 
658.789541, 5341.998442, -0.040588, 6.296000 
652.031298, 5376.144974, -0.040414, 6.328000 
645.707601, 5410.342192, -0.040233, 6.360000 
639.766103, 5444.572909, -0.040045, 6.392000 
634.170700, 5478.828423, -0.039746, 6.424000 
628.908939, 5513.096123, -0.035390, 6.456000 
623.947068, 5547.146358, -0.050282, 6.488000 
618.092706, 5581.209098, -0.057585, 6.520000 
611.553559, 5615.287987, -0.063935, 6.552000 
604.513013, 5649.267042, -0.064283, 6.584000 
597.117797, 5683.167553, -0.064603, 6.616000 
589.450239, 5717.009379, -0.064906, 6.648000 
581.555601, 5750.794405, -0.065188, 6.680000 
573.455676, 5784.517048, -0.065546, 6.712000 
565.176806, 5818.151643, -0.071512, 6.744000 
556.697761, 5851.829945, -0.153891, 6.776000 
545.618670, 5885.315566, -0.153743, 6.808000 
531.947627, 5917.787736, -0.154132, 6.840000 
516.695890, 5949.448323, -0.154269, 6.872000 
500.240802, 5980.470270, -0.154325, 6.904000 
482.807030, 6010.945237, -0.154420, 6.936000 
464.508205, 6040.898188, -0.154572, 6.968000 
444.837402, 6071.151771, -0.154842, 7.000000 
423.137518, 6098.929053, -0.155444, 7.032000 
398.630051, 6124.601457, -0.155632, 7.064000 
372.601445, 6148.536379, -0.155731, 7.096000 
345.398946, 6171.039098, -0.155809, 7.128000 
317.224938, 6192.291999, -0.155905, 7.160000 
288.665536, 6211.996033, -0.156002, 7.192000 
260.103464, 6231.793817, -0.156198, 7.224000 
231.546512, 6251.582985, -0.156462, 7.256000 
203.152057, 6271.165519, -0.166246, 7.288000 
174.658021, 6290.647534, -0.166392, 7.320000 
146.042549, 6310.035614, -0.165682, 7.352000 
116.561155, 6329.796509, 0.048755, 7.384000 
89.910841, 6352.455263, 0.048482, 7.416000 
66.743331, 6379.861443, 0.048313, 7.448000 
46.465198, 6409.358788, 0.048559, 7.480000 
28.556569, 6440.245605, 0.048582, 7.512000 
12.712180, 6472.197823, 0.048655, 7.544000 
-1.183344, 6505.034601, 0.048809, 7.576000 
-13.413080, 6539.617527, 0.049096, 7.608000 
-20.539008, 6575.086576, 0.049277, 7.640000 
-23.793011, 6610.729452, 0.049407, 7.672000 
-24.179902, 6646.266701, 0.049492, 7.704000 
-22.420599, 6681.610682, 0.049562, 7.736000 
-19.004187, 6716.732897, 0.049672, 7.768000 
-14.235516, 6751.614821, 0.049835, 7.800000 
-8.305194, 6786.238456, 0.050048, 7.832000 
-1.328725, 6820.592001, 0.050297, 7.864000 
6.552876, 6854.678224, 0.051045, 7.896000 
15.305735, 6888.841569, 0.085475, 7.928000 
26.055696, 6922.239588, 0.085481, 7.960000 
38.613574, 6954.939311, 0.085565, 7.992000 
52.232282, 6987.127370, 0.085729, 8.024000 
66.620238, 7018.940919, 0.085859, 8.056000 
81.592922, 7050.454710, 0.086017, 8.088000 
97.037223, 7081.700545, 0.086213, 8.120000 
112.883812, 7112.690809, 0.086439, 8.152000 
129.001332, 7143.349985, 0.110376, 8.184000 
145.447424, 7173.808646, 0.129671, 8.216000 
162.202204, 7204.087332, 0.145655, 8.248000 
179.272328, 7234.568582, 0.359736, 8.280000 
199.083882, 7263.500451, 0.358889, 8.312000 
222.245477, 7290.317154, 0.358459, 8.344000 
246.933484, 7315.531130, 0.358580, 8.376000 
272.691957, 7339.551288, 0.358526, 8.408000 
299.240151, 7362.625059, 0.358553, 8.440000 
326.402557, 7384.879584, 0.358672, 8.472000 
354.069454, 7406.374814, 0.358867, 8.504000 
382.169627, 7427.148422, 0.359337, 8.536000 
410.324390, 7447.092225, 0.401454, 8.568000 
438.445010, 7466.619163, 0.690541, 8.600000 
468.742401, 7482.076910, 0.691252, 8.632000 
502.605339, 7493.529843, 0.690553, 8.664000 
537.086406, 7502.113825, 0.690588, 8.696000 
571.898645, 7508.641630, 0.690416, 8.728000 
606.888251, 7513.616727, 0.690344, 8.760000 
641.945098, 7517.329815, 0.690380, 8.792000 
676.987773, 7519.945992, 0.690499, 8.824000 
711.960505, 7521.579493, 0.690663, 8.856000 
746.560056, 7522.337343, 0.690887, 8.888000 
780.909323, 7522.337566, 0.690961, 8.920000 
815.307382, 7521.681508, 0.691061, 8.952000 
850.452013, 7520.442455, 0.698479, 8.984000 
885.580557, 7516.289753, 0.698560, 9.016000 
920.173362, 7509.925602, 0.698606, 9.048000 
954.367105, 7502.126773, 0.698658, 9.080000 
988.266753, 7493.322440, 0.698726, 9.112000 
1021.920898, 7483.775213, 0.698847, 9.144000 
1055.341189, 7473.641079, 0.699030, 9.176000 
1088.527926, 7463.019609, 0.699494, 9.208000 
1121.429205, 7452.039840, 0.716184, 9.240000 
1154.010383, 7440.699327, 0.726850, 9.272000 
1186.514900, 7429.058918, 0.732436, 9.304000 
1219.003953, 7417.183004, 0.735755, 9.336000 
1251.427230, 7405.127606, 0.738300, 9.368000 
1283.813555, 7392.919598, 0.738668, 9.400000 
1316.493746, 7380.549490, 0.782117, 9.432000 
1348.640038, 7367.100249, 0.782299, 9.464000 
1380.282121, 7352.524436, 0.782465, 9.496000 
1411.579258, 7337.341405, 0.782623, 9.528000 
1442.640699, 7321.735457, 0.782747, 9.560000 
1473.526063, 7305.823763, 0.782896, 9.592000 
1504.262813, 7289.679771, 0.783072, 9.624000 
1534.840326, 7273.374821, 0.789922, 9.656000 
1565.281760, 7256.932393, 0.800418, 9.688000 
1595.597277, 7240.353281, 0.806952, 9.720000 
1625.856855, 7223.660635, 0.810147, 9.752000 
1656.081663, 7206.879309, 0.811564, 9.784000 
1686.268563, 7190.032003, 0.812232, 9.816000 
1716.428375, 7173.136047, 0.813025, 9.848000 
1746.567451, 7156.202486, 0.814347, 9.880000 
1776.687834, 7139.235946, 0.816246, 9.912000 
1806.940543, 7122.221944, 0.867926, 9.944000 
1836.775665, 7104.516910, 0.872430, 9.976000 
1866.196091, 7086.046079, 0.872983, 10.008000 
1895.325049, 7067.178314, 0.873147, 10.040000 
1924.259591, 7048.035401, 0.873279, 10.072000 
1953.053424, 7028.694141, 0.873427, 10.104000 
1981.730723, 7009.203081, 0.873596, 10.136000 
2010.255989, 6989.638085, 0.886267, 10.168000 
2038.696553, 6969.967988, 0.895976, 10.200000 
2067.048142, 6950.203068, 0.902172, 10.232000 
2095.344736, 6930.356525, 0.905343, 10.264000 
2123.596620, 6910.443688, 0.906795, 10.296000 
2151.814124, 6890.479426, 0.907527, 10.328000 
2180.003466, 6870.475605, 0.908400, 10.360000 
2208.269414, 6850.424555, 0.966474, 10.392000 
2236.055796, 6829.738268, 0.980759, 10.424000 
2263.425594, 6808.344209, 0.981074, 10.456000 
2290.470495, 6786.589245, 0.981214, 10.488000 
2317.293642, 6764.580350, 0.981353, 10.520000 
2343.953153, 6742.386437, 0.981500, 10.552000 
2370.476764, 6720.052129, 0.981673, 10.584000 
2396.824727, 6697.659241, 0.996418, 10.616000 
2423.077656, 6675.166465, 1.007708, 10.648000 
2449.245677, 6652.582984, 1.015102, 10.680000 
2475.345268, 6629.920880, 1.019300, 10.712000 
2501.387514, 6607.193719, 1.021614, 10.744000 
2527.383127, 6584.414302, 1.023348, 10.776000 
2553.401824, 6561.576840, 1.113686, 10.808000 
2578.781397, 6538.039094, 1.114487, 10.840000 
2603.426021, 6513.454950, 1.114638, 10.872000 
2627.554912, 6488.420476, 1.114816, 10.904000 
2651.324701, 6463.065201, 1.114916, 10.936000 
2674.824827, 6437.473599, 1.115045, 10.968000 
2698.099408, 6411.701553, 1.115206, 11.000000 
2721.169815, 6385.785889, 1.115474, 11.032000 
2743.988839, 6359.817014, 1.133426, 11.064000 
2766.668704, 6333.738704, 1.145630, 11.096000 
2789.223422, 6307.551562, 1.153617, 11.128000 
2811.667558, 6281.268507, 1.159617, 11.160000 
2834.029792, 6254.828241, 1.285229, 11.192000 
2855.316333, 6227.616487, 1.285948, 11.224000 
2875.412852, 6199.044590, 1.285729, 11.256000 
2894.649399, 6169.952930, 1.285894, 11.288000 
2913.264494, 6140.483429, 1.285949, 11.320000 
2931.397495, 6110.730579, 1.286045, 11.352000 
2949.119406, 6080.759060, 1.286182, 11.384000 
2966.464545, 6050.611134, 1.286353, 11.416000 
2983.399946, 6020.368851, 1.301891, 11.448000 
3000.003425, 5990.106389, 1.319972, 11.480000 
3016.328660, 5959.856004, 1.439241, 11.512000 
3030.863827, 5928.846268, 1.439742, 11.544000 
3043.675874, 5896.226818, 1.439540, 11.576000 
3055.229044, 5863.211026, 1.439657, 11.608000 
3065.854281, 5829.909635, 1.439671, 11.640000 
3075.748564, 5796.397575, 1.439728, 11.672000 
3085.013487, 5762.731809, 1.439832, 11.704000 
3093.694537, 5728.951667, 1.439974, 11.736000 
3101.810862, 5695.076749, 1.440139, 11.768000 
3109.340429, 5661.051286, 1.499033, 11.800000 
3114.413416, 5626.262198, 1.499507, 11.832000 
3117.477626, 5591.283462, 1.499405, 11.864000 
3119.079385, 5556.294581, 1.499464, 11.896000 
3119.594036, 5521.301865, 1.499471, 11.928000 
3119.251345, 5486.320921, 1.499506, 11.960000 
3118.183744, 5451.377845, 1.499587, 11.992000 
3116.440313, 5416.498056, 1.499716, 12.024000 
3114.040059, 5381.695053, 1.500421, 12.056000 
3110.978180, 5346.592604, 1.523350, 12.088000 
3105.621254, 5311.782065, 1.523371, 12.120000 
3098.328283, 5277.478662, 1.523769, 12.152000 
3089.742591, 5243.560215, 1.523879, 12.184000 
3080.198189, 5209.928456, 1.523966, 12.216000 
3069.902454, 5176.534006, 1.524083, 12.248000 
3058.973077, 5143.365156, 1.524241, 12.280000 
3047.468475, 5110.427805, 1.524440, 12.312000 
3035.411895, 5077.727790, 1.525085, 12.344000 
3022.874256, 5045.151741, 1.585261, 12.376000 
3009.119893, 5013.113116, 1.585169, 12.408000 
2994.064766, 4981.660112, 1.585667, 12.440000 
2978.274644, 4950.628811, 1.585858, 12.472000 
2961.947805, 4919.898026, 1.585986, 12.504000 
2945.209703, 4889.400209, 1.586135, 12.536000 
2928.136863, 4859.106696, 1.586309, 12.568000 
2910.773156, 4829.008790, 1.586507, 12.600000 
2893.217151, 4799.177168, 1.607160, 12.632000 
2875.405685, 4769.515079, 1.625668, 12.664000 
2857.323978, 4740.037843, 1.625536, 12.696000 
2839.221848, 4710.584882, 1.625548, 12.728000 
2821.105155, 4681.142199, 1.625770, 12.760000 
2802.978324, 4651.706982, 1.626108, 12.792000 
2784.843147, 4622.278157, 1.626419, 12.824000 
2766.700086, 4592.855436, 1.626548, 12.856000 
2748.549281, 4563.438701, 1.626523, 12.888000 
2730.391226, 4534.027628, 1.626405, 12.920000 
2712.226863, 4504.621639, 1.626237, 12.952000 
2694.057344, 4475.220015, 1.626072, 12.984000 
2675.874872, 4445.825692, 1.546084, 13.016000 
2658.680064, 4416.017680, 1.544784, 13.048000 
2642.468768, 4385.183605, 1.544492, 13.080000 
2626.971784, 4354.028640, 1.544075, 13.112000 
2611.993633, 4322.633371, 1.543783, 13.144000 
2597.419042, 4291.053810, 1.543509, 13.176000 
2583.190122, 4259.330862, 1.543239, 13.208000 
2569.282037, 4227.491415, 1.542970, 13.240000 
2555.706828, 4195.573161, 1.536196, 13.272000 
2542.451327, 4163.573347, 1.398818, 13.304000 
2531.911208, 4130.656351, 1.397930, 13.336000 
2523.859729, 4096.328007, 1.398193, 13.368000 
2517.632568, 4061.729702, 1.398090, 13.400000 
2512.763586, 4026.956102, 1.398108, 13.432000 
2508.968925, 3992.071136, 1.398082, 13.464000 
2506.097419, 3957.129821, 1.398002, 13.496000 
2504.081454, 3922.175002, 1.397879, 13.528000 
2502.900757, 3887.229110, 1.397733, 13.560000 
2502.559305, 3851.926440, 1.397369, 13.592000 
2505.901711, 3816.448746, 1.397229, 13.624000 
2512.170287, 3781.625965, 1.397052, 13.656000 
2520.452358, 3747.365397, 1.397015, 13.688000 
2530.223073, 3713.556647, 1.396979, 13.720000 
2541.157051, 3680.139788, 1.396899, 13.752000 
2553.069397, 3647.102017, 1.396751, 13.784000 
2565.866605, 3614.455026, 1.396536, 13.816000 
2579.510054, 3582.212157, 1.395847, 13.848000 
2593.714059, 3550.225473, 1.350293, 13.880000 
2609.482617, 3519.104473, 1.350328, 13.912000 
2626.839747, 3488.780048, 1.349767, 13.944000 
2645.040096, 3459.033459, 1.349579, 13.976000 
2663.850300, 3429.700522, 1.349443, 14.008000 
2683.121789, 3400.686029, 1.349288, 14.040000 
2702.761874, 3371.945561, 1.349104, 14.072000 
2722.714872, 3343.461770, 1.348893, 14.104000 
2742.877333, 3315.294268, 1.329511, 14.136000 
2763.279347, 3287.365334, 1.306823, 14.168000 
2783.951170, 3259.588108, 1.263665, 14.200000 
2805.151935, 3232.238439, 1.236998, 14.232000 
2826.807977, 3205.137132, 1.236771, 14.264000 
2848.735628, 3178.280569, 1.236646, 14.296000 
2870.857656, 3151.591983, 1.236470, 14.328000 
2893.123720, 3125.028973, 1.236307, 14.360000 
2915.501409, 3098.572636, 1.236119, 14.392000 
2937.927610, 3072.258744, 1.224056, 14.424000 
2960.437274, 3046.023707, 1.214654, 14.456000 
2983.024845, 3019.860317, 1.208194, 14.488000 
3005.682648, 2993.758987, 1.204124, 14.520000 
3028.416447, 2967.694281, 1.215640, 14.552000 
3051.039324, 2941.549612, 1.222304, 14.584000 
3073.581450, 2915.335992, 1.226009, 14.616000 
3096.064926, 2889.073301, 1.228315, 14.648000 
3118.506989, 2862.776534, 1.230218, 14.680000 
3140.919502, 2836.455730, 1.232103, 14.712000 
3163.309590, 2810.117249, 1.233965, 14.744000 
3185.680984, 2783.764510, 1.235584, 14.776000 
3208.035522, 2757.398846, 1.236679, 14.808000 
3230.374361, 2731.021216, 1.237130, 14.840000 
3252.698760, 2704.632659, 1.237201, 14.872000 
3275.010389, 2678.234597, 1.237160, 14.904000 
3297.311036, 2651.828567, 1.237088, 14.936000 
3319.614503, 2625.403572, 1.361410, 14.968000 
3340.860176, 2598.237352, 1.362045, 15.000000 
3360.929101, 2569.663727, 1.361906, 15.032000 
3380.147985, 2540.578372, 1.362131, 15.064000 
3398.756757, 2511.120654, 1.362232, 15.096000 
3416.896473, 2481.383314, 1.362361, 15.128000 
3434.638425, 2451.430120, 1.362526, 15.160000 
3452.015345, 2421.302730, 1.362718, 15.192000 
3469.016839, 2391.056056, 1.371136, 15.224000 
3485.660827, 2360.795998, 1.389505, 15.256000 
3502.029418, 2330.555750, 1.665489, 15.288000 
3514.197859, 2298.718066, 1.666731, 15.320000 
3522.179946, 2263.775378, 1.666001, 15.352000 
3527.020002, 2228.441943, 1.665996, 15.384000 
3529.456707, 2192.954902, 1.665802, 15.416000 
3529.931867, 2157.443282, 1.665702, 15.448000 
3528.681920, 2122.005035, 1.665642, 15.480000 
3525.785605, 2086.714837, 1.665744, 15.512000 
3521.305386, 2049.736224, 1.772505, 15.544000 
3509.867172, 2014.925663, 1.772096, 15.576000 
3491.878631, 1983.193411, 1.772380, 15.608000 
3470.406878, 1954.186265, 1.772336, 15.640000 
3446.577045, 1927.388254, 1.772185, 15.672000 
3421.057753, 1902.410889, 1.772115, 15.704000 
3394.260358, 1879.014547, 1.772194, 15.736000 
3366.449018, 1857.057967, 1.772412, 15.768000 
3337.791123, 1836.463709, 1.772722, 15.800000 
3308.766634, 1817.163403, 1.773701, 15.832000 
3279.547158, 1799.064149, 1.774468, 15.864000 
3249.484658, 1782.273158, 1.775061, 15.896000 
3218.497166, 1766.393276, 1.775287, 15.928000 
3187.239294, 1751.133605, 1.775455, 15.960000 
3155.791190, 1736.301064, 1.775617, 15.992000 
3124.209349, 1721.785810, 1.775791, 16.024000 
3092.535492, 1707.531400, 1.775985, 16.056000 
3060.798854, 1693.507028, 1.776240, 16.088000 
3029.072413, 1679.719011, 1.785644, 16.120000 
2997.333264, 1666.087155, 1.790738, 16.152000 
2965.527772, 1652.585756, 1.792911, 16.184000 
2933.671624, 1639.188251, 1.793776, 16.216000 
2901.767723, 1625.869922, 1.794330, 16.248000 
2869.836473, 1612.612270, 1.795142, 16.280000 
2837.881765, 1599.404982, 1.796633, 16.312000 
2805.960379, 1586.237297, 1.783986, 16.344000 
2774.110697, 1572.775365, 1.776970, 16.376000 
2742.333744, 1559.100810, 1.773199, 16.408000 
2710.620575, 1545.282430, 1.770363, 16.440000 
2678.939681, 1531.357114, 1.769964, 16.472000 
2647.288462, 1517.360289, 1.769567, 16.504000 
2615.677444, 1503.319180, 1.765916, 16.536000 
2584.093889, 1489.230452, 1.762766, 16.568000 
2552.537310, 1475.096652, 1.760613, 16.600000 
2521.017532, 1460.921050, 1.759657, 16.632000 
2489.511009, 1446.708667, 1.759367, 16.664000 
2458.017196, 1432.466470, 1.759344, 16.696000 
2426.534940, 1418.201119, 1.759362, 16.728000 
2395.062035, 1403.917580, 1.759287, 16.760000 
2363.501696, 1389.609180, 1.670229, 16.792000 
2332.403779, 1373.770833, 1.670325, 16.824000 
2302.157171, 1356.242995, 1.669951, 16.856000 
2272.525157, 1337.817592, 1.669769, 16.888000 
2243.331034, 1318.746682, 1.669673, 16.920000 
2214.476527, 1299.188968, 1.669542, 16.952000 
2185.918882, 1279.242022, 1.669370, 16.984000 
2157.643097, 1258.964088, 1.669161, 17.016000 
2129.744673, 1238.498370, 1.640014, 17.048000 
2102.073588, 1217.753251, 1.616017, 17.080000 
2074.461129, 1196.725317, 1.370943, 17.112000 
2048.566650, 1173.508473, 1.371732, 17.144000 
2024.975677, 1147.091200, 1.372311, 17.176000 
2003.162250, 1119.346164, 1.372180, 17.208000 
1982.709348, 1090.646894, 1.372252, 17.240000 
1963.369267, 1061.220773, 1.372245, 17.272000 
1945.024560, 1031.207022, 1.372150, 17.304000 
1927.639925, 1000.681673, 1.371984, 17.336000 
1910.470622, 968.960641, 1.371212, 17.368000 
1898.524955, 935.443444, 1.370827, 17.400000 
1890.697747, 900.453106, 1.370780, 17.432000 
1886.011590, 865.102866, 1.370838, 17.464000 
1883.773953, 829.607453, 1.370907, 17.496000 
1883.560076, 794.089087, 1.370932, 17.528000 
1885.155035, 758.636945, 1.370885, 17.560000 
1888.521195, 723.314539, 1.370747, 17.592000 
1893.910944, 687.279783, 1.370428, 17.624000 
1903.113040, 652.645182, 1.370267, 17.656000 
1916.220113, 619.438188, 1.369920, 17.688000 
1931.767181, 587.501668, 1.369824, 17.720000 
1949.173103, 556.644100, 1.369747, 17.752000 
1968.081102, 526.739356, 1.369641, 17.784000 
1988.297005, 497.737159, 1.369476, 17.816000 
2009.977156, 469.352792, 1.369227, 17.848000 
2033.464108, 442.845321, 1.368986, 17.880000 
2058.239334, 417.836513, 1.368756, 17.912000 
2083.945705, 393.987096, 1.368548, 17.944000 
2110.343764, 371.032921, 1.368354, 17.976000 
2137.272220, 348.787914, 1.368158, 18.008000 
2164.623078, 327.131217, 1.367951, 18.040000 
2192.326408, 305.988468, 1.367730, 18.072000 
2220.341646, 285.314797, 1.367500, 18.104000 
2238.312792, 274.685362, 1.369546, 18.136000 
2253.353041, 265.129826, 1.369361, 18.168000 
2268.568857, 256.213726, 1.368787, 18.200000 
2283.917727, 247.738810, 1.368422, 18.232000 
2299.351937, 239.566112, 1.368190, 18.264000 
2314.840746, 231.599130, 1.367972, 18.296000 
2330.365033, 223.772410, 1.367765, 18.328000 
2345.912436, 216.042618, 1.367566, 18.360000 
2361.449376, 208.406404, 1.360458, 18.392000 
2377.000216, 200.813292, 1.354833, 18.424000 
2392.562431, 193.253244, 1.350564, 18.456000 
2408.133635, 185.720189, 1.347424, 18.488000 
2423.712099, 178.209885, 1.345236, 18.520000 
2439.296716, 170.719099, 1.343856, 18.552000 
2454.886520, 163.245096, 1.343145, 18.584000 
2470.475030, 155.785384, 1.342891, 18.616000 
2486.071368, 148.337616, 1.342740, 18.648000 
2501.672553, 140.899635, 1.342764, 18.680000 
2517.277094, 133.469499, 1.342865, 18.712000 
2532.884122, 126.045479, 1.343000, 18.744000 
2543.092408, 121.197260, 1.342940, 18.776000 
2553.232334, 117.161890, 1.329530, 18.808000 
2563.274389, 113.719388, 1.291972, 18.840000 
2573.342838, 110.564261, 1.267738, 18.872000 
2583.423399, 107.602953, 1.252306, 18.904000 
2593.505965, 104.771421, 1.242381, 18.936000 
2603.585362, 102.025354, 1.235947, 18.968000 
2613.660469, 99.334817, 1.231805, 19.000000 
2623.731257, 96.679919, 1.229196, 19.032000 
2633.798090, 94.047712, 1.227630, 19.064000 
2643.861453, 91.429953, 1.226791, 19.096000 
2653.921857, 88.821524, 1.226468, 19.128000 
2663.979096, 86.219390, 1.226335, 19.160000 
2674.033274, 83.621636, 1.226212, 19.192000 
2684.085000, 81.027180, 1.226090, 19.224000 
2694.134763, 78.435417, 1.225969, 19.256000 
2704.182936, 75.846001, 1.225849, 19.288000 
2714.231366, 73.258713, 1.225849, 19.320000 
2724.280073, 70.673407, 1.225903, 19.352000 
2734.329004, 68.089924, 1.225991, 19.384000 
2744.378101, 65.508095, 1.226097, 19.416000 
2754.427308, 62.927740, 1.226209, 19.448000 
2764.476565, 60.348674, 1.226321, 19.480000 
2774.525822, 57.770711, 1.226427, 19.512000 
2784.575028, 55.193677, 1.226525, 19.544000 
2794.624136, 52.617407, 1.226613, 19.576000 
2804.673107, 50.041757, 1.226691, 19.608000 
2814.721904, 47.466600, 1.226757, 19.640000 
2824.770501, 44.891828, 1.226814, 19.672000 
2834.818871, 42.317352, 1.226861, 19.704000 
2844.866994, 39.743102, 1.226901, 19.736000 
2854.914856, 37.169019, 1.226933, 19.768000 
2864.962444, 34.595065, 1.226959, 19.800000 
2875.009752, 32.021206, 1.226980, 19.832000 
2885.056772, 29.447422, 1.226996, 19.864000 
2895.103500, 26.873697, 1.227010, 19.896000 
2905.149935, 24.300023, 1.227020, 19.928000 
2910.798465, 22.856066, 1.226789, 19.960000 
2913.649480, 22.133771, 1.226479, 19.992000 
2916.395891, 21.461760, 1.223331, 20.024000 
2919.033523, 20.824804, 1.221982, 20.056000 
2921.569038, 20.216353, 1.221638, 20.088000 
2924.007554, 19.631805, 1.221407, 20.120000 
2926.362676, 19.067967, 1.221632, 20.152000 
2928.638559, 18.522629, 1.222094, 20.184000 
2930.838134, 17.994302, 1.222919, 20.216000 
2932.966708, 17.481906, 1.223632, 20.248000 
2935.026182, 16.984599, 1.224237, 20.280000 
2937.018486, 16.501730, 1.224754, 20.312000 
2938.945644, 16.032759, 1.225198, 20.344000 
2940.809746, 15.577207, 1.225583, 20.376000 
2942.612884, 15.134653, 1.225920, 20.408000 
2944.357143, 14.704698, 1.226216, 20.440000 
2946.044564, 14.286982, 1.226480, 20.472000 
2947.677142, 13.881151, 1.226718, 20.504000 
2949.256817, 13.486868, 1.226935, 20.536000 
2950.785467, 13.103811, 1.227134, 20.568000 
2952.264900, 12.731664, 1.227319, 20.600000 
2953.696859, 12.370125, 1.227493, 20.632000 
2955.083024, 12.018892, 1.227657, 20.664000 
2956.425008, 11.677679, 1.227814, 20.696000 
2957.724362, 11.346201, 1.227965, 20.728000 
2958.982575, 11.024181, 1.228111, 20.760000 
2960.201080, 10.711354, 1.228253, 20.792000 
2961.381250, 10.407455, 1.228391, 20.824000 
2962.524406, 10.112231, 1.228527, 20.856000 
2963.631813, 9.825432, 1.228661, 20.888000 
2964.704696, 9.546819, 1.228793, 20.920000 
2965.744222, 9.276156, 1.228924, 20.952000 
2966.751460, 9.013131, 1.229050, 20.984000 
2967.727571, 8.757545, 1.229174, 21.016000 
2968.673683, 8.509217, 1.229296, 21.048000 
2969.590947, 8.267962, 1.229405, 21.080000 
2970.480523, 8.033595, 1.229480, 21.112000 
2971.343293, 7.805919, 1.229534, 21.144000 
2972.180095, 7.584754, 1.229581, 21.176000 
2972.991741, 7.369914, 1.229624, 21.208000 
2973.779031, 7.161213, 1.229663, 21.240000 
2974.542712, 6.958478, 1.229701, 21.272000 
2975.283526, 6.761534, 1.229738, 21.304000 
2976.002188, 6.570212, 1.229774, 21.336000 
2976.699377, 6.384351, 1.229810, 21.368000 
2977.375763, 6.203792, 1.229845, 21.400000 
2978.032002, 6.028378, 1.229879, 21.432000 
2978.668706, 5.857962, 1.229913, 21.464000 
2979.286483, 5.692400, 1.229946, 21.496000 
2979.885923, 5.531549, 1.229977, 21.528000 
2980.467576, 5.375277, 1.230010, 21.560000 
2981.032009, 5.223445, 1.230040, 21.592000 
2981.579739, 5.075931, 1.230069, 21.624000 
2982.111277, 4.932610, 1.230099, 21.656000 
2982.627130, 4.793357, 1.230127, 21.688000 
2983.127771, 4.658059, 1.230154, 21.720000 
2983.613675, 4.526598, 1.230179, 21.752000 
2984.085271, 4.398870, 1.230205, 21.784000 
2984.543020, 4.274762, 1.230228, 21.816000 
2984.987326, 4.154174, 1.230252, 21.848000 
2985.418601, 4.037004, 1.230275, 21.880000 
2985.837235, 3.923156, 1.230298, 21.912000 
2986.243629, 3.812529, 1.230318, 21.944000 
2986.638132, 3.705038, 1.230339, 21.976000 
2987.021113, 3.600590, 1.230359, 22.008000 
2987.392926, 3.499096, 1.230377, 22.040000 
2987.753896, 3.400476, 1.230395, 22.072000 
2988.104346, 3.304647, 1.230414, 22.104000 
2988.444605, 3.211527, 1.230430, 22.136000 
2988.774965, 3.121042, 1.230448, 22.168000 
2989.095732, 3.033114, 1.230463, 22.200000 
2989.407186, 2.947672, 1.230479, 22.232000 
2989.709605, 2.864646, 1.230495, 22.264000 
2990.003258, 2.783966, 1.230510, 22.296000 
2990.288420, 2.705561, 1.230522, 22.328000 
2990.565327, 2.629373, 1.230535, 22.360000 
2990.834220, 2.555340, 1.230551, 22.392000 
2991.095353, 2.483393, 1.230562, 22.424000 
2991.348941, 2.413480, 1.230576, 22.456000 
2991.595225, 2.345537, 1.230585, 22.488000 
2991.834403, 2.279514, 1.230597, 22.520000 
2992.066688, 2.215355, 1.230609, 22.552000 
2992.292292, 2.153004, 1.230618, 22.584000 
2992.511405, 2.092412, 1.230628, 22.616000 
2992.724212, 2.033532, 1.230640, 22.648000 
2992.930915, 1.976308, 1.230647, 22.680000 
2993.131674, 1.920701, 1.230658, 22.712000 
2993.326677, 1.866660, 1.230666, 22.744000 
2993.516082, 1.814144, 1.230675, 22.776000 
2993.700057, 1.763109, 1.230685, 22.808000 
2993.878768, 1.713510, 1.230691, 22.840000 
2994.052359, 1.665310, 1.230698, 22.872000 
2994.220982, 1.618468, 1.230706, 22.904000 
2994.384778, 1.572947, 1.230715, 22.936000 
2994.543890, 1.528708, 1.230723, 22.968000 
2994.698453, 1.485717, 1.230732, 23.000000 
2994.848603, 1.443935, 1.230738, 23.032000 
2994.994466, 1.403330, 1.230745, 23.064000 
2995.136172, 1.363867, 1.230748, 23.096000 
2995.273826, 1.325518, 1.230758, 23.128000 
2995.407555, 1.288248, 1.230765, 23.160000 
2995.537484, 1.252025, 1.230766, 23.192000 
2995.663696, 1.216826, 1.230776, 23.224000 
2995.786330, 1.182613, 1.230775, 23.256000 
2995.904600, 1.149608, 1.230785, 23.288000 
2996.019706, 1.117474, 1.230788, 23.320000 
2996.131672, 1.086208, 1.230797, 23.352000 
2996.240578, 1.055786, 1.230797, 23.384000 
2996.346477, 1.026196, 1.230800, 23.416000 
2996.449437, 0.997419, 1.230806, 23.448000 
2996.549529, 0.969437, 1.230813, 23.480000 
2996.646826, 0.942227, 1.230817, 23.512000 
2996.741404, 0.915772, 1.230816, 23.544000 
2996.833317, 0.890055, 1.230825, 23.576000 
2996.922655, 0.865053, 1.230825, 23.608000 
2997.009474, 0.840750, 1.230829, 23.640000 
2997.093841, 0.817128, 1.230837, 23.672000 
2997.175837, 0.794164, 1.230835, 23.704000 
2997.255513, 0.771845, 1.230839, 23.736000 
2997.332932, 0.750154, 1.230850, 23.768000 
2997.408167, 0.729069, 1.230853, 23.800000 
2997.481278, 0.708576, 1.230854, 23.832000 
2997.552325, 0.688657, 1.230851, 23.864000 
2997.621362, 0.669299, 1.230853, 23.896000 
2997.688443, 0.650485, 1.230859, 23.928000 
2997.753626, 0.632201, 1.230865, 23.960000 
2997.816966, 0.614430, 1.230869, 23.992000 
2997.878521, 0.597156, 1.230865, 24.024000 
2997.938334, 0.580369, 1.230865, 24.056000 
2997.996455, 0.564055, 1.230867, 24.088000 
2998.052934, 0.548199, 1.230869, 24.120000 
2998.107808, 0.532791, 1.230882, 24.152000 
2998.161132, 0.517815, 1.230889, 24.184000 
2998.212955, 0.503259, 1.230885, 24.216000 
2998.263314, 0.489112, 1.230882, 24.248000 
2998.312240, 0.475366, 1.230897, 24.280000 
2998.359793, 0.462003, 1.230892, 24.312000 
2998.405998, 0.449017, 1.230897, 24.344000 
2998.450902, 0.436396, 1.230894, 24.376000 
2998.494535, 0.424130, 1.230897, 24.408000 
2998.536934, 0.412209, 1.230904, 24.440000 
2998.578145, 0.400621, 1.230892, 24.472000 
2998.618186, 0.389362, 1.230896, 24.504000 
2998.657099, 0.378418, 1.230898, 24.536000 
2998.694918, 0.367781, 1.230890, 24.568000 
2998.731667, 0.357444, 1.230894, 24.600000 
2998.767373, 0.347399, 1.230907, 24.632000 
2998.802078, 0.337635, 1.230904, 24.664000 
2998.835804, 0.328145, 1.230901, 24.696000 
2998.868580, 0.318922, 1.230899, 24.728000 
2998.900422, 0.309961, 1.230921, 24.760000 
2998.931375, 0.301249, 1.230912, 24.792000 
2998.961450, 0.292784, 1.230919, 24.824000 
2998.990681, 0.284555, 1.230915, 24.856000 
2999.019084, 0.276559, 1.230924, 24.888000 
2999.046691, 0.268786, 1.230915, 24.920000 
2999.073519, 0.261232, 1.230912, 24.952000 
2999.099590, 0.253890, 1.230916, 24.984000 
2999.124923, 0.246756, 1.230925, 25.016000 
2999.149541, 0.239823, 1.230935, 25.048000 
2999.173465, 0.233084, 1.230942, 25.080000 
2999.196716, 0.226534, 1.230944, 25.112000 
2999.219314, 0.220167, 1.230935, 25.144000 
2999.241282, 0.213978, 1.230911, 25.176000 
2999.262627, 0.207965, 1.230910, 25.208000 
2999.283364, 0.202123, 1.230934, 25.240000 
2999.303520, 0.196443, 1.230939, 25.272000 
2999.323115, 0.190921, 1.230916, 25.304000 
2999.342158, 0.185555, 1.230903, 25.336000 
2999.360664, 0.180341, 1.230902, 25.368000 
2999.378646, 0.175274, 1.230913, 25.400000 
2999.396119, 0.170350, 1.230933, 25.432000 
2999.413097, 0.165564, 1.230959, 25.464000 
2999.429606, 0.160911, 1.230934, 25.496000 
2999.445642, 0.156390, 1.230953, 25.528000 
2999.461237, 0.151994, 1.230916, 25.560000 
2999.476388, 0.147723, 1.230920, 25.592000 
2999.491114, 0.143572, 1.230917, 25.624000 
2999.505417, 0.139539, 1.230959, 25.656000 
2999.519329, 0.135617, 1.230926, 25.688000 
2999.532845, 0.131806, 1.230926, 25.720000 
2999.545974, 0.128105, 1.230968, 25.752000 
2999.558746, 0.124503, 1.230919, 25.784000 
2999.571146, 0.121006, 1.230964, 25.816000 
2999.583210, 0.117604, 1.230910, 25.848000 
2999.594924, 0.114301, 1.230949, 25.880000 
2999.606311, 0.111090, 1.230954, 25.912000 
2999.617385, 0.107966, 1.230904, 25.944000 
2999.628137, 0.104934, 1.230952, 25.976000 
2999.638591, 0.101986, 1.230953, 26.008000 
2999.648747, 0.099121, 1.230970, 26.040000 
2999.658627, 0.096334, 1.230918, 26.072000 
2999.668218, 0.093629, 1.230962, 26.104000 
2999.677547, 0.090997, 1.230938, 26.136000 
2999.686614, 0.088440, 1.230916, 26.168000 
2999.695426, 0.085954, 1.230900, 26.200000 
2999.703991, 0.083538, 1.230889, 26.232000 
2999.712304, 0.081194, 1.230987, 26.264000 
2999.720388, 0.078913, 1.230992, 26.296000 
2999.728246, 0.076696, 1.230981, 26.328000 
2999.735885, 0.074540, 1.230958, 26.360000 
2999.743311, 0.072445, 1.230921, 26.392000 
2999.750520, 0.070411, 1.230986, 26.424000 
2999.757536, 0.068431, 1.230924, 26.456000 
2999.764348, 0.066509, 1.230953, 26.488000 
2999.770970, 0.064641, 1.230967, 26.520000 
2999.777407, 0.062824, 1.230951, 26.552000 
2999.783667, 0.061058, 1.230899, 26.584000 
2999.789744, 0.059343, 1.230946, 26.616000 
2999.795651, 0.057676, 1.230966, 26.648000 
2999.801395, 0.056055, 1.230939, 26.680000 
2999.806971, 0.054482, 1.231011, 26.712000 
2999.812403, 0.052949, 1.230881, 26.744000 
2999.817668, 0.051463, 1.230995, 26.776000 
2999.822797, 0.050015, 1.230906, 26.808000 
2999.827778, 0.048610, 1.230899, 26.840000 
2999.832612, 0.047246, 1.231006, 26.872000 
2999.837323, 0.045916, 1.230867, 26.904000 
2999.841889, 0.044628, 1.230993, 26.936000 
2999.846338, 0.043372, 1.230864, 26.968000 
2999.850650, 0.042156, 1.231013, 27.000000 
2999.854852, 0.040970, 1.230888, 27.032000 
2999.858935, 0.039818, 1.230834, 27.064000 
2999.862899, 0.038700, 1.230890, 27.096000 
2999.866756, 0.037611, 1.230844, 27.128000 
2999.870501, 0.036555, 1.230892, 27.160000 
2999.874134, 0.035530, 1.231060, 27.192000 
2999.877679, 0.034530, 1.230861, 27.224000 
2999.881113, 0.033561, 1.230970, 27.256000 
2999.884455, 0.032618, 1.230959, 27.288000 
2999.887698, 0.031702, 1.231044, 27.320000 
2999.890855, 0.030811, 1.230971, 27.352000 
2999.893922, 0.029946, 1.230982, 27.384000 
2999.896897, 0.029106, 1.231108, 27.416000 
2999.899793, 0.028288, 1.231058, 27.448000 
2999.902605, 0.027493, 1.231092, 27.480000 
2999.905345, 0.026719, 1.230921, 27.512000 
2999.908008, 0.025968, 1.230825, 27.544000 
2999.910593, 0.025238, 1.230842, 27.576000 
2999.913102, 0.024530, 1.230985, 27.608000 
2999.915546, 0.023840, 1.230902, 27.640000 
2999.917919, 0.023170, 1.230897, 27.672000 
2999.920223, 0.022520, 1.231004, 27.704000 
2999.922468, 0.021886, 1.230846, 27.736000 
2999.924651, 0.021270, 1.230756, 27.768000 
2999.926770, 0.020673, 1.230775, 27.800000 
2999.928826, 0.020093, 1.230917, 27.832000 
2999.930832, 0.019527, 1.230754, 27.864000 
2999.932789, 0.018981, 1.231112, 27.896000 
2999.932806, 0.018976, 1.231304, 27.928000 
2999.934734, 0.018431, 1.231223, 27.960000 
2999.934749, 0.018427, 1.231164, 27.992000 
2999.934758, 0.018424, 1.231122, 28.024000 
2999.934765, 0.018422, 1.231090, 28.056000 
2999.934771, 0.018421, 1.231067, 28.088000 
2999.934776, 0.018419, 1.231050, 28.120000 
2999.934780, 0.018418, 1.231037, 28.152000 
2999.934783, 0.018417, 1.231028, 28.184000 
2999.934785, 0.018417, 1.231020, 28.216000 
2999.934787, 0.018416, 1.231015, 28.248000 
2999.934789, 0.018416, 1.231011, 28.280000 
2999.934790, 0.018415, 1.231007, 28.312000 
2999.934791, 0.018415, 1.231005, 28.344000 
2999.934792, 0.018415, 1.231003, 28.376000 
2999.934792, 0.018415, 1.231001, 28.408000 
2999.934793, 0.018414, 1.231000, 28.440000 
2999.934793, 0.018414, 1.230999, 28.472000 
2999.934794, 0.018414, 1.230998, 28.504000 
2999.934794, 0.018414, 1.230998, 28.536000 
2999.934794, 0.018414, 1.230997, 28.568000 
2999.934794, 0.018414, 1.230997, 28.600000 
2999.934794, 0.018414, 1.230996, 28.632000 
2999.934795, 0.018414, 1.230996, 28.664000 
2999.934795, 0.018414, 1.230996, 28.696000 
2999.934795, 0.018414, 1.230996, 28.728000 
2999.934795, 0.018414, 1.230996, 28.760000 
2999.934795, 0.018414, 1.230996, 28.792000 
2999.934795, 0.018414, 1.230996, 28.824000 
2999.934795, 0.018414, 1.230996, 28.856000 
2999.934795, 0.018414, 1.230995, 28.888000 
2999.934795, 0.018414, 1.230995, 28.920000 
2999.934795, 0.018414, 1.230995, 28.952000 
2999.934795, 0.018414, 1.230995, 28.984000 
2999.934795, 0.018414, 1.230995, 29.016000 
2999.934795, 0.018414, 1.230995, 29.048000 
2999.934795, 0.018414, 1.230995, 29.080000 
2999.934795, 0.018414, 1.230995, 29.112000 
2999.934795, 0.018414, 1.230995, 29.144000 
2999.934795, 0.018414, 1.230995, 29.176000 
2999.934795, 0.018414, 1.230995, 29.208000 
2999.934795, 0.018414, 1.230995, 29.240000 
2999.934795, 0.018414, 1.230995, 29.272000 
