   0.0000000e+00   0.0000000e+00
   3.0022176e+02   2.9681222e+01
   6.0020872e+02   2.7935268e+01
   9.0006150e+02   8.2309271e+00
   1.1998807e+03  -1.5963010e+01
   1.4997671e+03  -3.1177754e+01
   1.7998211e+03  -2.3944515e+01
   2.1001398e+03   1.9206653e+01
   2.4005963e+03   1.1181505e+02
   2.7007175e+03   2.6752748e+02
   3.0000000e+03   5.0000000e+02
   3.2983433e+03   8.0926381e+02
   3.5972568e+03   1.1408508e+03
   3.8986526e+03   1.4266679e+03
   4.2023955e+03   1.6027608e+03
   4.4845508e+03   1.6532879e+03
   4.7058295e+03   1.5934477e+03
   4.8274955e+03   1.4391914e+03
   4.8593357e+03   1.2205862e+03
   4.8863480e+03   9.8957928e+02
   5.0000000e+03   8.0000000e+02
   5.2599272e+03   6.8790056e+02
   5.5984361e+03   6.1822489e+02
   5.9160012e+03   5.3813986e+02
   6.1227540e+03   4.0039930e+02
   6.2410925e+03   2.2270573e+02
   6.3658444e+03   6.4664039e+01
   6.5916950e+03  -1.3757612e+01
   6.9323483e+03   2.7304092e+01
   7.2759880e+03   1.9654992e+02
   7.5000000e+03   5.0000000e+02
   7.5139428e+03   9.2860714e+02
   7.3560650e+03   1.4130549e+03
   7.0967875e+03   1.8689595e+03
   6.8031986e+03   2.2204755e+03
   6.5036414e+03   2.4910139e+03
   6.2014624e+03   2.7680223e+03
   5.8995663e+03   3.1383044e+03
   5.5993505e+03   3.5860010e+03
   5.2998752e+03   3.9361248e+03
   5.0000000e+03   4.0000000e+03
   4.6990464e+03   3.6639282e+03
   4.3981846e+03   3.1141202e+03
   4.0990472e+03   2.6117638e+03
   3.8029196e+03   2.3988733e+03
   3.5070569e+03   2.4945711e+03
   3.2061132e+03   2.7741776e+03
   2.8948557e+03   3.1109269e+03
   2.5774268e+03   3.3966422e+03
   2.2725003e+03   3.5519612e+03
   2.0000000e+03   3.5000000e+03
   1.7722448e+03   3.2005239e+03
   1.5711333e+03   2.7598952e+03
   1.3709594e+03   2.3211254e+03
   1.1481800e+03   2.0189114e+03
   9.0440105e+02   1.8912909e+03
   6.5745334e+02   1.9139410e+03
   4.2543812e+02   2.0614992e+03
   2.2645666e+02   2.3086033e+03
   7.8610199e+01   2.6298910e+03
   0.0000000e+00   3.0000000e+03
