-0.000000, -0.000000, 0.000000, 0.056000 
-0.000000, 10.043006, -0.000000, 0.088000 
0.000001, 30.132002, -0.000000, 0.120000 
-0.000011, 60.266878, -0.000024, 0.152000 
0.000069, 100.447548, -0.000013, 0.184000 
0.000067, 150.673939, -0.000045, 0.216000 
0.000177, 210.945996, -0.000027, 0.248000 
0.000158, 281.263673, -0.000062, 0.280000 
0.000247, 361.626934, -0.000040, 0.312000 
0.000382, 452.035750, -0.000022, 0.344000 
0.000392, 552.490099, -0.000060, 0.376000 
0.000527, 662.989961, -0.000032, 0.408000 
0.000685, 783.535323, -0.000015, 0.440000 
0.000729, 914.126171, -0.000054, 0.472000 
0.000906, 1054.762497, -0.000021, 0.504000 
0.000867, 1205.444294, -0.000069, 0.536000 
0.000985, 1366.171554, -0.000039, 0.568000 
0.001141, 1536.944274, -0.000012, 0.600000 
0.001130, 1717.762449, -0.000058, 0.632000 
0.001279, 1908.626077, -0.000024, 0.664000 
0.001210, 2100.690386, -0.000039, 0.696000 
0.001376, 2292.752841, -0.000062, 0.728000 
0.001549, 2484.516528, -0.000050, 0.760000 
0.001576, 2669.703054, -0.000061, 0.792000 
0.001692, 2848.659064, -0.000075, 0.824000 
0.001800, 3021.593836, -0.000078, 0.856000 
0.001853, 3188.712657, -0.000082, 0.888000 
0.001893, 3350.213172, -0.000090, 0.920000 
0.001900, 3506.286012, -0.000091, 0.952000 
0.001882, 3657.114842, -0.000090, 0.984000 
0.001875, 3802.876971, -0.000094, 1.016000 
0.001862, 3943.743434, -0.000096, 1.048000 
0.001833, 4079.879357, -0.000096, 1.080000 
0.001810, 4211.444125, -0.000097, 1.112000 
0.001800, 4338.591672, -0.000099, 1.144000 
0.001784, 4461.470652, -0.000099, 1.176000 
0.001755, 4580.224653, -0.000099, 1.208000 
0.001732, 4694.992364, -0.000100, 1.240000 
0.001708, 4805.907779, -0.000101, 1.272000 
0.001674, 4913.100318, -0.000102, 1.304000 
0.001636, 5016.695084, -0.000102, 1.336000 
0.001605, 5116.812872, -0.000102, 1.368000 
0.001574, 5213.570509, -0.000102, 1.400000 
0.001537, 5307.080818, -0.000103, 1.432000 
0.001497, 5397.452780, -0.000104, 1.464000 
0.001461, 5484.791837, -0.000104, 1.496000 
0.001419, 5569.199728, -0.000103, 1.528000 
0.001370, 5650.774893, -0.000103, 1.560000 
0.001315, 5729.612399, -0.000104, 1.592000 
0.001260, 5805.804159, -0.000106, 1.624000 
0.001205, 5879.438938, -0.000106, 1.656000 
0.001150, 5950.602586, -0.000105, 1.688000 
0.001094, 6019.378033, -0.000104, 1.720000 
0.001037, 6085.845434, -0.000104, 1.752000 
0.000987, 6150.082254, -0.000105, 1.784000 
0.000942, 6212.163346, -0.000106, 1.816000 
0.000900, 6272.161023, -0.000106, 1.848000 
0.000860, 6330.145262, -0.000105, 1.880000 
0.000821, 6386.183627, -0.000105, 1.912000 
0.000783, 6440.341384, -0.000104, 1.944000 
0.000747, 6492.681670, -0.000105, 1.976000 
0.000713, 6543.265473, -0.000106, 2.008000 
0.000679, 6592.151731, -0.000107, 2.040000 
0.000647, 6639.397427, -0.000107, 2.072000 
0.000615, 6685.057618, -0.000106, 2.104000 
0.000584, 6729.185508, -0.000105, 2.136000 
0.000553, 6771.832512, -0.000105, 2.168000 
0.000523, 6813.048338, -0.000105, 2.200000 
0.000494, 6852.881010, -0.000105, 2.232000 
0.000465, 6891.376951, -0.000106, 2.264000 
0.000438, 6928.580999, -0.000106, 2.296000 
0.000412, 6964.536526, -0.000107, 2.328000 
0.000386, 6999.285428, -0.000107, 2.360000 
0.000361, 7032.868194, -0.000107, 2.392000 
0.000337, 7065.323979, -0.000106, 2.424000 
0.000313, 7096.690563, -0.000106, 2.456000 
0.000291, 7127.004553, -0.000105, 2.488000 
0.000272, 7156.301235, -0.000105, 2.520000 
0.000255, 7184.614742, -0.000105, 2.552000 
0.000239, 7211.978090, -0.000105, 2.584000 
0.000224, 7238.423159, -0.000105, 2.616000 
0.000210, 7263.980747, -0.000105, 2.648000 
0.000196, 7288.680657, -0.000106, 2.680000 
0.000183, 7312.551681, -0.000106, 2.712000 
0.000171, 7335.621613, -0.000106, 2.744000 
0.000159, 7357.917354, -0.000106, 2.776000 
0.000148, 7379.464864, -0.000106, 2.808000 
0.000137, 7400.289279, -0.000106, 2.840000 
0.000126, 7420.414859, -0.000106, 2.872000 
0.000116, 7439.865019, -0.000106, 2.904000 
0.000106, 7458.662465, -0.000105, 2.936000 
0.000096, 7476.829098, -0.000105, 2.968000 
0.000087, 7494.386087, -0.000105, 3.000000 
0.000078, 7511.353871, -0.000105, 3.032000 
0.000071, 7527.752241, -0.000104, 3.064000 
0.000065, 7543.600298, -0.000104, 3.096000 
0.000060, 7558.916540, -0.000104, 3.128000 
0.000055, 7573.718765, -0.000104, 3.160000 
0.000051, 7588.024250, -0.000105, 3.192000 
0.000046, 7601.849649, -0.000105, 3.224000 
0.000042, 7615.211101, -0.000105, 3.256000 
0.000039, 7628.124161, -0.000105, 3.288000 
0.000035, 7640.603869, -0.000105, 3.320000 
0.000031, 7652.664757, -0.000105, 3.352000 
0.000028, 7664.320926, -0.000105, 3.384000 
0.000025, 7675.585913, -0.000105, 3.416000 
0.000022, 7686.472852, -0.000106, 3.448000 
0.000019, 7696.994458, -0.000106, 3.480000 
0.000016, 7707.162941, -0.000106, 3.512000 
0.000013, 7716.990196, -0.000106, 3.544000 
0.000010, 7726.487665, -0.000106, 3.576000 
0.000008, 7735.666403, -0.000106, 3.608000 
0.000005, 7744.537117, -0.000106, 3.640000 
0.000003, 7753.110147, -0.000106, 3.672000 
0.000000, 7761.386686, -0.000106, 3.704000 
-0.000002, 7769.363395, -0.000105, 3.736000 
-0.000004, 7777.052875, -0.000105, 3.768000 
-0.000006, 7784.466808, -0.000105, 3.800000 
-0.000008, 7791.616320, -0.000105, 3.832000 
-0.000011, 7798.512031, -0.000105, 3.864000 
-0.000012, 7805.164004, -0.000105, 3.896000 
-0.000014, 7811.581902, -0.000105, 3.928000 
-0.000016, 7817.774877, -0.000105, 3.960000 
-0.000018, 7823.751705, -0.000105, 3.992000 
-0.000020, 7829.520747, -0.000105, 4.024000 
-0.000021, 7835.089964, -0.000105, 4.056000 
-0.000023, 7840.467319, -0.000105, 4.088000 
-0.000024, 7845.660735, -0.000105, 4.120000 
-0.000026, 7850.677045, -0.000105, 4.152000 
-0.000027, 7855.522774, -0.000105, 4.184000 
-0.000029, 7860.204232, -0.000105, 4.216000 
-0.000030, 7864.727438, -0.000105, 4.248000 
-0.000031, 7869.098120, -0.000105, 4.280000 
-0.000033, 7873.321843, -0.000105, 4.312000 
-0.000034, 7877.403904, -0.000105, 4.344000 
-0.000035, 7881.349390, -0.000105, 4.376000 
-0.000035, 7885.163168, -0.000105, 4.408000 
-0.000036, 7888.849978, -0.000105, 4.440000 
-0.000036, 7892.414277, -0.000105, 4.472000 
-0.000036, 7895.860441, -0.000105, 4.504000 
-0.000037, 7899.192586, -0.000105, 4.536000 
-0.000037, 7902.414739, -0.000105, 4.568000 
-0.000037, 7905.530727, -0.000105, 4.600000 
-0.000037, 7908.537153, -0.000105, 4.632000 
-0.000037, 7911.436316, -0.000105, 4.664000 
-0.000038, 7914.232645, -0.000105, 4.696000 
-0.000038, 7916.930563, -0.000105, 4.728000 
-0.000038, 7919.534123, -0.000105, 4.760000 
-0.000039, 7922.046982, -0.000105, 4.792000 
-0.000039, 7924.472902, -0.000105, 4.824000 
-0.000039, 7926.815430, -0.000105, 4.856000 
-0.000040, 7929.078008, -0.000105, 4.888000 
-0.000040, 7931.263819, -0.000104, 4.920000 
-0.000041, 7933.375948, -0.000104, 4.952000 
-0.000041, 7935.417264, -0.000104, 4.984000 
-0.000041, 7937.390536, -0.000104, 5.016000 
-0.000042, 7939.298408, -0.000104, 5.048000 
-0.000042, 7941.143374, -0.000104, 5.080000 
-0.000042, 7942.927792, -0.000104, 5.112000 
-0.000042, 7944.653971, -0.000104, 5.144000 
-0.000042, 7946.324060, -0.000104, 5.176000 
-0.000042, 7947.940106, -0.000104, 5.208000 
-0.000042, 7949.504133, -0.000104, 5.240000 
-0.000043, 7951.018000, -0.000104, 5.272000 
-0.000043, 7952.483500, -0.000104, 5.304000 
-0.000043, 7953.902397, -0.000104, 5.336000 
-0.000043, 7955.276324, -0.000104, 5.368000 
-0.000044, 7956.606869, -0.000104, 5.400000 
-0.000044, 7957.895556, -0.000104, 5.432000 
-0.000044, 7959.143849, -0.000104, 5.464000 
-0.000044, 7960.353121, -0.000104, 5.496000 
-0.000044, 7961.524751, -0.000104, 5.528000 
-0.000044, 7962.659984, -0.000104, 5.560000 
-0.000044, 7963.760082, -0.000104, 5.592000 
-0.000045, 7964.826228, -0.000104, 5.624000 
-0.000045, 7965.859581, -0.000104, 5.656000 
-0.000045, 7966.861643, -0.000104, 5.688000 
-0.000045, 7967.833367, -0.000104, 5.720000 
-0.000045, 7968.775740, -0.000104, 5.752000 
-0.000045, 7969.689666, -0.000104, 5.784000 
-0.000045, 7970.576059, -0.000104, 5.816000 
-0.000045, 7971.435731, -0.000104, 5.848000 
-0.000046, 7972.269572, -0.000104, 5.880000 
-0.000046, 7973.078346, -0.000104, 5.912000 
-0.000046, 7973.862867, -0.000104, 5.944000 
-0.000046, 7974.623865, -0.000104, 5.976000 
-0.000046, 7975.362074, -0.000104, 6.008000 
-0.000046, 7976.078217, -0.000104, 6.040000 
-0.000046, 7976.772997, -0.000104, 6.072000 
-0.000046, 7977.447047, -0.000104, 6.104000 
-0.000046, 7978.101005, -0.000104, 6.136000 
-0.000046, 7978.735525, -0.000104, 6.168000 
-0.000046, 7979.351199, -0.000104, 6.200000 
-0.000046, 7979.948594, -0.000104, 6.232000 
-0.000046, 7980.528266, -0.000104, 6.264000 
-0.000046, 7981.090787, -0.000104, 6.296000 
-0.000046, 7981.636672, -0.000104, 6.328000 
-0.000047, 7982.166430, -0.000104, 6.360000 
-0.000047, 7982.680556, -0.000104, 6.392000 
-0.000047, 7983.179528, -0.000104, 6.424000 
-0.000047, 7983.663809, -0.000104, 6.456000 
-0.000047, 7984.133871, -0.000104, 6.488000 
-0.000047, 7984.590105, -0.000104, 6.520000 
-0.000047, 7985.032938, -0.000104, 6.552000 
-0.000047, 7985.462822, -0.000104, 6.584000 
-0.000047, 7985.880089, -0.000104, 6.616000 
-0.000047, 7986.285172, -0.000104, 6.648000 
-0.000047, 7986.678397, -0.000104, 6.680000 
-0.000047, 7987.060155, -0.000104, 6.712000 
-0.000047, 7987.430768, -0.000104, 6.744000 
-0.000047, 7987.790582, -0.000104, 6.776000 
-0.000047, 7988.139917, -0.000104, 6.808000 
-0.000047, 7988.479076, -0.000104, 6.840000 
-0.000047, 7988.808399, -0.000104, 6.872000 
-0.000047, 7989.128137, -0.000104, 6.904000 
-0.000047, 7989.438627, -0.000104, 6.936000 
-0.000047, 7989.740101, -0.000104, 6.968000 
-0.000047, 7990.032828, -0.000104, 7.000000 
-0.000048, 7990.317102, -0.000104, 7.032000 
-0.000048, 7990.593153, -0.000104, 7.064000 
-0.000048, 7990.861206, -0.000104, 7.096000 
-0.000048, 7991.121525, -0.000104, 7.128000 
-0.000048, 7991.374336, -0.000104, 7.160000 
-0.000048, 7991.619847, -0.000104, 7.192000 
-0.000048, 7991.858307, -0.000104, 7.224000 
-0.000048, 7992.089873, -0.000104, 7.256000 
-0.000048, 7992.314789, -0.000104, 7.288000 
-0.000048, 7992.533223, -0.000104, 7.320000 
-0.000048, 7992.745392, -0.000104, 7.352000 
-0.000048, 7992.951449, -0.000104, 7.384000 
-0.000048, 7993.151596, -0.000104, 7.416000 
-0.000048, 7993.346025, -0.000104, 7.448000 
-0.000048, 7993.534845, -0.000104, 7.480000 
-0.000048, 7993.718282, -0.000104, 7.512000 
-0.000048, 7993.896448, -0.000104, 7.544000 
-0.000048, 7994.069514, -0.000104, 7.576000 
-0.000048, 7994.237640, -0.000104, 7.608000 
-0.000048, 7994.400935, -0.000103, 7.640000 
-0.000048, 7994.559581, -0.000103, 7.672000 
-0.000048, 7994.713686, -0.000103, 7.704000 
-0.000048, 7994.863382, -0.000103, 7.736000 
-0.000048, 7995.008824, -0.000103, 7.768000 
-0.000048, 7995.150105, -0.000103, 7.800000 
-0.000048, 7995.287367, -0.000103, 7.832000 
-0.000048, 7995.420689, -0.000103, 7.864000 
-0.000048, 7995.550223, -0.000103, 7.896000 
-0.000048, 7995.675166, -0.000103, 7.928000 
-0.000048, 7995.796749, -0.000103, 7.960000 
-0.000048, 7995.915023, -0.000103, 7.992000 
-0.000048, 7996.030059, -0.000103, 8.024000 
-0.000048, 7996.141906, -0.000103, 8.056000 
-0.000048, 7996.250657, -0.000103, 8.088000 
-0.000048, 7996.356396, -0.000103, 8.120000 
-0.000048, 7996.459160, -0.000103, 8.152000 
-0.000048, 7996.559062, -0.000103, 8.184000 
-0.000048, 7996.656142, -0.000103, 8.216000 
-0.000048, 7996.750492, -0.000103, 8.248000 
-0.000048, 7996.842191, -0.000103, 8.280000 
-0.000048, 7996.931297, -0.000103, 8.312000 
-0.000048, 7997.017902, -0.000103, 8.344000 
-0.000048, 7997.102039, -0.000103, 8.376000 
-0.000048, 7997.183814, -0.000103, 8.408000 
-0.000048, 7997.263286, -0.000103, 8.440000 
-0.000048, 7997.340498, -0.000103, 8.472000 
-0.000048, 7997.415533, -0.000103, 8.504000 
-0.000048, 7997.488435, -0.000103, 8.536000 
-0.000048, 7997.559287, -0.000103, 8.568000 
-0.000048, 7997.628133, -0.000103, 8.600000 
-0.000048, 7997.695031, -0.000103, 8.632000 
-0.000048, 7997.760036, -0.000103, 8.664000 
-0.000048, 7997.823180, -0.000103, 8.696000 
-0.000048, 7997.884556, -0.000103, 8.728000 
-0.000048, 7997.944186, -0.000103, 8.760000 
-0.000048, 7998.002136, -0.000103, 8.792000 
-0.000048, 7998.058463, -0.000103, 8.824000 
-0.000048, 7998.113173, -0.000103, 8.856000 
-0.000048, 7998.166346, -0.000103, 8.888000 
-0.000048, 7998.218013, -0.000103, 8.920000 
-0.000048, 7998.268242, -0.000103, 8.952000 
-0.000048, 7998.317038, -0.000103, 8.984000 
-0.000048, 7998.364456, -0.000103, 9.016000 
-0.000048, 7998.410538, -0.000103, 9.048000 
-0.000048, 7998.455301, -0.000103, 9.080000 
-0.000048, 7998.498826, -0.000103, 9.112000 
-0.000048, 7998.541090, -0.000103, 9.144000 
-0.000048, 7998.582187, -0.000103, 9.176000 
-0.000048, 7998.622120, -0.000103, 9.208000 
-0.000048, 7998.660919, -0.000103, 9.240000 
-0.000048, 7998.698612, -0.000103, 9.272000 
-0.000048, 7998.735253, -0.000103, 9.304000 
-0.000048, 7998.770859, -0.000103, 9.336000 
-0.000048, 7998.805457, -0.000103, 9.368000 
-0.000048, 7998.839077, -0.000103, 9.400000 
-0.000048, 7998.871773, -0.000103, 9.432000 
-0.000048, 7998.903535, -0.000103, 9.464000 
-0.000048, 7998.934403, -0.000103, 9.496000 
-0.000048, 7998.964380, -0.000103, 9.528000 
-0.000048, 7998.993532, -0.000103, 9.560000 
-0.000048, 7999.021849, -0.000103, 9.592000 
-0.000048, 7999.049371, -0.000103, 9.624000 
-0.000048, 7999.076128, -0.000103, 9.656000 
-0.000048, 7999.102120, -0.000103, 9.688000 
-0.000048, 7999.127389, -0.000103, 9.720000 
-0.000048, 7999.151936, -0.000103, 9.752000 
-0.000048, 7999.175802, -0.000103, 9.784000 
-0.000048, 7999.198989, -0.000103, 9.816000 
-0.000048, 7999.221510, -0.000103, 9.848000 
-0.000048, 7999.243407, -0.000103, 9.880000 
-0.000048, 7999.264708, -0.000103, 9.912000 
-0.000048, 7999.285388, -0.000103, 9.944000 
-0.000048, 7999.305500, -0.000103, 9.976000 
-0.000048, 7999.325020, -0.000103, 10.008000 
-0.000048, 7999.344000, -0.000103, 10.040000 
-0.000048, 7999.362442, -0.000103, 10.072000 
-0.000048, 7999.380387, -0.000103, 10.104000 
-0.000048, 7999.397810, -0.000103, 10.136000 
-0.000048, 7999.414738, -0.000103, 10.168000 
-0.000048, 7999.431211, -0.000103, 10.200000 
-0.000048, 7999.447204, -0.000103, 10.232000 
-0.000048, 7999.462745, -0.000103, 10.264000 
-0.000048, 7999.477846, -0.000103, 10.296000 
-0.000048, 7999.492523, -0.000103, 10.328000 
-0.000048, 7999.506789, -0.000103, 10.360000 
-0.000048, 7999.520659, -0.000103, 10.392000 
-0.000048, 7999.534146, -0.000103, 10.424000 
-0.000048, 7999.547239, -0.000103, 10.456000 
-0.000048, 7999.559963, -0.000103, 10.488000 
-0.000048, 7999.572333, -0.000103, 10.520000 
-0.000048, 7999.584363, -0.000103, 10.552000 
-0.000048, 7999.596041, -0.000103, 10.584000 
-0.000048, 7999.607393, -0.000103, 10.616000 
-0.000048, 7999.618432, -0.000103, 10.648000 
-0.000048, 7999.629148, -0.000103, 10.680000 
-0.000048, 7999.639592, -0.000103, 10.712000 
-0.000048, 7999.649715, -0.000103, 10.744000 
-0.000048, 7999.659553, -0.000103, 10.776000 
-0.000048, 7999.669122, -0.000103, 10.808000 
-0.000048, 7999.678436, -0.000102, 10.840000 
-0.000048, 7999.687482, -0.000102, 10.872000 
-0.000048, 7999.696260, -0.000102, 10.904000 
-0.000048, 7999.704797, -0.000102, 10.936000 
-0.000048, 7999.713107, -0.000102, 10.968000 
-0.000048, 7999.721177, -0.000102, 11.000000 
-0.000048, 7999.729008, -0.000102, 11.032000 
-0.000048, 7999.736626, -0.000101, 11.064000 
-0.000048, 7999.744018, -0.000101, 11.096000 
-0.000048, 7999.751212, -0.000101, 11.128000 
-0.000048, 7999.758220, -0.000101, 11.160000 
-0.000048, 7999.765005, -0.000101, 11.192000 
-0.000048, 7999.771605, -0.000100, 11.224000 
-0.000048, 7999.778034, -0.000100, 11.256000 
-0.000048, 7999.784280, -0.000100, 11.288000 
-0.000047, 7999.790343, -0.000099, 11.320000 
-0.000047, 7999.796223, -0.000099, 11.352000 
-0.000047, 7999.801946, -0.000098, 11.384000 
-0.000047, 7999.807527, -0.000098, 11.416000 
-0.000047, 7999.812926, -0.000097, 11.448000 
-0.000047, 7999.818183, -0.000096, 11.480000 
-0.000047, 7999.823285, -0.000095, 11.512000 
-0.000047, 7999.828258, -0.000093, 11.544000 
-0.000047, 7999.833090, -0.000091, 11.576000 
-0.000047, 7999.837782, -0.000088, 11.608000 
-0.000047, 7999.842332, -0.000084, 11.640000 
-0.000046, 7999.846769, -0.000078, 11.672000 
-0.000046, 7999.851078, -0.000070, 11.704000 
-0.000046, 7999.855261, -0.000058, 11.736000 
-0.000046, 7999.859318, -0.000040, 11.768000 
-0.000045, 7999.863273, -0.000014, 11.800000 
-0.000044, 7999.867116, 0.000028, 11.832000 
-0.000044, 7999.870847, 0.000093, 11.864000 
-0.000042, 7999.874491, 0.000194, 11.896000 
-0.000040, 7999.878011, 0.000359, 11.928000 
-0.000038, 7999.881442, 0.000659, 11.960000 
-0.000033, 7999.883019, 0.001182, 11.992000 
-0.000027, 7999.883220, 0.001627, 12.024000 
-0.000016, 7999.883210, 0.002009, 12.056000 
0.000002, 7999.883169, 0.002340, 12.088000 
0.000028, 7999.883122, 0.002630, 12.120000 
0.000063, 7999.883075, 0.002887, 12.152000 
0.000106, 7999.883027, 0.003119, 12.184000 
0.000157, 7999.882980, 0.003229, 12.216000 
0.000213, 7999.882932, 0.003323, 12.248000 
0.000274, 7999.882884, 0.003404, 12.280000 
0.000339, 7999.882837, 0.003573, 12.312000 
0.000407, 7999.882789, 0.003634, 12.344000 
0.000478, 7999.884281, 0.003787, 12.376000 
0.000549, 7999.885616, 0.003835, 12.408000 
0.000620, 7999.888220, 0.003778, 12.440000 
0.000691, 7999.890059, 0.003618, 12.472000 
0.000763, 7999.893161, 0.003553, 12.504000 
0.000833, 7999.894800, 0.003489, 12.536000 
0.000904, 7999.897758, 0.003574, 12.568000 
0.000974, 7999.899496, 0.004015, 12.600000 
0.001045, 7999.902347, 0.004023, 12.632000 
0.001113, 7999.905085, 0.004092, 12.664000 
0.001181, 7999.907736, 0.003947, 12.696000 
0.001246, 7999.910330, 0.003999, 12.728000 
0.001310, 7999.910767, 0.003985, 12.760000 
0.001372, 7999.910874, 0.003547, 12.792000 
0.001429, 7999.910931, 0.003147, 12.824000 
0.001473, 7999.910981, 0.001663, 12.856000 
0.001501, 7999.911030, 0.001173, 12.888000 
0.001510, 7999.911078, 0.000756, 12.920000 
0.001502, 7999.911126, 0.000398, 12.952000 
0.001478, 7999.911174, 0.000085, 12.984000 
0.001440, 7999.911222, -0.000191, 13.016000 
0.001390, 7999.911270, -0.000438, 13.048000 
0.001331, 7999.911318, -0.000661, 13.080000 
0.001263, 7999.911365, -0.000865, 13.112000 
0.001190, 7999.911413, -0.001054, 13.144000 
0.001113, 7999.911460, -0.001231, 13.176000 
0.001032, 7999.911508, -0.001397, 13.208000 
0.000949, 7999.911556, -0.001355, 13.240000 
0.000864, 7999.913830, -0.001304, 13.272000 
0.000783, 7999.914218, -0.001352, 13.304000 
0.000698, 7999.916677, -0.001368, 13.336000 
0.000617, 7999.917092, -0.001345, 13.368000 
0.000534, 7999.919460, -0.0001177, 13.400000 
0.000456, 7999.921711, -0.000941, 13.432000 
0.000381, 7999.922015, -0.000015, 13.464000 
0.000313, 7999.922021, 0.000748, 13.496000 
0.000254, 7999.921982, 0.000889, 13.528000 
0.000209, 7999.921936, 0.000824, 13.560000 
0.000182, 7999.921889, 0.000975, 13.592000 
0.000173, 7999.921841, 0.000958, 13.624000 
0.000181, 7999.921793, 0.000990, 13.656000 
0.000205, 7999.921746, 0.000982, 13.688000 
0.000242, 7999.921698, 0.003641, 13.720000 
0.000289, 7999.921650, 0.003875, 13.752000 
0.000346, 7999.921602, 0.004088, 13.784000 
0.000411, 7999.921554, 0.004283, 13.816000 
0.000481, 7999.921506, 0.004466, 13.848000 
0.000555, 7999.921458, 0.004636, 13.880000 
0.000632, 7999.921411, 0.004798, 13.912000 
0.000711, 7999.921363, 0.004952, 13.944000 
0.000791, 7999.922836, 0.005099, 13.976000 
0.000870, 7999.923020, 0.005244, 14.008000 
0.000951, 7999.925227, 0.005154, 14.040000 
0.001027, 7999.925523, 0.005330, 14.072000 
0.001107, 7999.926387, 0.004219, 14.104000 
0.001183, 7999.928474, 0.003888, 14.136000 
0.001255, 7999.928833, 0.003027, 14.168000 
0.001318, 7999.928929, 0.002315, 14.200000 
0.001369, 7999.928985, 0.001718, 14.232000 
0.001403, 7999.929034, 0.001219, 14.264000 
0.001420, 7999.929082, 0.000798, 14.296000 
0.001419, 7999.929130, 0.000437, 14.328000 
0.001402, 7999.929178, 0.000123, 14.360000 
0.001370, 7999.929226, -0.000155, 14.392000 
0.001326, 7999.929274, -0.000404, 14.424000 
0.001272, 7999.929322, -0.000630, 14.456000 
0.001210, 7999.929369, -0.000837, 14.488000 
0.001141, 7999.929417, -0.001027, 14.520000 
0.001067, 7999.929465, -0.001205, 14.552000 
0.000991, 7999.929512, -0.001373, 14.584000 
0.000912, 7999.929560, -0.001531, 14.616000 
0.000830, 7999.929608, -0.001683, 14.648000 
0.000748, 7999.931624, -0.001800, 14.680000 
0.000669, 7999.931972, -0.001949, 14.712000 
0.000588, 7999.933903, -0.001896, 14.744000 
0.000586, 7999.933910, -0.001799, 14.776000 
0.000584, 7999.933913, -0.001685, 14.808000 
0.000583, 7999.933916, -0.001568, 14.840000 
0.000582, 7999.933919, -0.001458, 14.872000 
0.000581, 7999.933920, -0.001357, 14.904000 
0.000580, 7999.933922, -0.001268, 14.936000 
0.000580, 7999.933923, -0.001192, 14.968000 
0.000579, 7999.933924, -0.001127, 15.000000 
0.000579, 7999.933925, -0.001072, 15.032000 
0.000579, 7999.933926, -0.001027, 15.064000 
0.000578, 7999.933926, -0.000989, 15.096000 
0.000578, 7999.933926, -0.000958, 15.128000 
0.000578, 7999.933927, -0.000932, 15.160000 
0.000578, 7999.933927, -0.000911, 15.192000 
0.000578, 7999.933927, -0.000894, 15.224000 
0.000578, 7999.933927, -0.000881, 15.256000 
0.000578, 7999.933928, -0.000869, 15.288000 
0.000578, 7999.933928, -0.000860, 15.320000 
0.000578, 7999.933928, -0.000853, 15.352000 
0.000578, 7999.933928, -0.000847, 15.384000 
0.000578, 7999.933928, -0.000842, 15.416000 
0.000578, 7999.933928, -0.000838, 15.448000 
0.000578, 7999.933928, -0.000835, 15.480000 
0.000578, 7999.933928, -0.000832, 15.512000 
0.000577, 7999.933928, -0.000830, 15.544000 
0.000577, 7999.933928, -0.000829, 15.576000 
0.000577, 7999.933928, -0.000827, 15.608000 
0.000577, 7999.933928, -0.000826, 15.640000 
0.000577, 7999.933928, -0.000825, 15.672000 
0.000577, 7999.933928, -0.000825, 15.704000 
0.000577, 7999.933928, -0.000824, 15.736000 
0.000577, 7999.933928, -0.000824, 15.768000 
0.000577, 7999.933928, -0.000823, 15.800000 
0.000577, 7999.933928, -0.000823, 15.832000 
0.000577, 7999.933928, -0.000823, 15.864000 
0.000577, 7999.933928, -0.000822, 15.896000 
0.000577, 7999.933928, -0.000822, 15.928000 
0.000577, 7999.933928, -0.000822, 15.960000 
0.000577, 7999.933928, -0.000822, 15.992000 
0.000577, 7999.933928, -0.000822, 16.024000 
0.000577, 7999.933928, -0.000822, 16.056000 
0.000577, 7999.933928, -0.000822, 16.088000 
0.000577, 7999.933928, -0.000821, 16.120000 
0.000577, 7999.933928, -0.000821, 16.152000 
0.000577, 7999.933928, -0.000821, 16.184000 
0.000577, 7999.933928, -0.000821, 16.216000 
0.000577, 7999.933928, -0.000821, 16.248000 
0.000577, 7999.933928, -0.000821, 16.280000 
0.000577, 7999.933928, -0.000821, 16.312000 
0.000577, 7999.933928, -0.000821, 16.344000 
0.000577, 7999.933928, -0.000821, 16.376000 
0.000577, 7999.933928, -0.000821, 16.408000 
0.000577, 7999.933928, -0.000821, 16.440000 
0.000577, 7999.933928, -0.000821, 16.472000 
0.000577, 7999.933928, -0.000821, 16.504000 
0.000577, 7999.933928, -0.000821, 16.536000 
0.000577, 7999.933928, -0.000821, 16.568000 
0.000577, 7999.933928, -0.000821, 16.600000 
0.000577, 7999.933928, -0.000821, 16.632000 
