-0.000000, -0.000000, 0.000000, 0.056000 
-0.000000, 10.043006, -0.000000, 0.088000 
0.000001, 30.132002, -0.000000, 0.120000 
-0.000011, 60.266878, -0.000024, 0.152000 
0.000069, 100.447548, -0.000013, 0.184000 
0.000067, 150.673939, -0.000045, 0.216000 
0.000177, 210.945996, -0.000027, 0.248000 
0.000158, 281.263673, -0.000062, 0.280000 
0.000247, 361.626934, -0.000040, 0.312000 
0.000382, 452.035750, -0.000022, 0.344000 
0.000392, 552.490099, -0.000060, 0.376000 
0.000527, 662.989961, -0.000032, 0.408000 
0.000685, 783.535323, -0.000015, 0.440000 
0.000738, 914.126171, -0.000052, 0.472000 
0.000930, 1054.762497, -0.000017, 0.504000 
0.000907, 1205.444294, -0.000060, 0.536000 
0.001023, 1366.171554, -0.000026, 0.568000 
0.000964, 1536.944274, -0.000058, 0.600000 
0.001186, 1717.762449, -0.000090, 0.632000 
0.001438, 1908.626077, -0.000051, 0.664000 
0.001474, 2100.690386, -0.000064, 0.696000 
0.001721, 2292.752841, -0.000083, 0.728000 
0.001905, 2484.516528, -0.000059, 0.760000 
0.001936, 2669.703054, -0.000064, 0.792000 
0.002046, 2848.659064, -0.000073, 0.824000 
0.002106, 3021.593836, -0.000066, 0.856000 
0.002120, 3188.712657, -0.000064, 0.888000 
0.002134, 3350.213172, -0.000068, 0.920000 
0.002104, 3506.286012, -0.000061, 0.952000 
0.002056, 3657.114842, -0.000056, 0.984000 
0.002051, 3802.876971, -0.000058, 1.016000 
0.002041, 3943.743434, -0.000055, 1.048000 
0.002014, 4079.879357, -0.000049, 1.080000 
0.002020, 4211.444125, -0.000047, 1.112000 
0.002046, 4338.591672, -0.000045, 1.144000 
0.002054, 4461.470652, -0.000042, 1.176000 
0.002072, 4580.224653, -0.000040, 1.208000 
0.002126, 4694.992364, -0.000039, 1.240000 
0.002184, 4805.907779, -0.000037, 1.272000 
0.002231, 4913.100318, -0.000035, 1.304000 
0.002263, 5016.695084, -0.000036, 1.336000 
0.002298, 5116.812872, -0.000038, 1.368000 
0.002342, 5213.570509, -0.000041, 1.400000 
0.002379, 5307.080818, -0.000044, 1.432000 
0.002375, 5397.452780, -0.000040, 1.464000 
0.002376, 5484.791837, -0.000037, 1.496000 
0.002379, 5569.199728, -0.000033, 1.528000 
0.002370, 5650.774893, -0.000029, 1.560000 
0.002347, 5729.612399, -0.000026, 1.592000 
0.002326, 5805.804159, -0.000024, 1.624000 
0.002309, 5879.438938, -0.000022, 1.656000 
0.002292, 5950.602586, -0.000020, 1.688000 
0.002268, 6019.378033, -0.000019, 1.720000 
0.002240, 6085.845434, -0.000018, 1.752000 
0.002210, 6150.082254, -0.000019, 1.784000 
0.002182, 6212.163346, -0.000019, 1.816000 
0.002155, 6272.161023, -0.000019, 1.848000 
0.002126, 6330.145262, -0.000017, 1.880000 
0.002094, 6386.183627, -0.000016, 1.912000 
0.002058, 6440.341384, -0.000015, 1.944000 
0.002022, 6492.681670, -0.000015, 1.976000 
0.001987, 6543.265473, -0.000015, 2.008000 
0.001952, 6592.151731, -0.000016, 2.040000 
0.001914, 6639.397427, -0.000015, 2.072000 
0.001875, 6685.057618, -0.000013, 2.104000 
0.001833, 6729.185508, -0.000012, 2.136000 
0.001790, 6771.832512, -0.000011, 2.168000 
0.001747, 6813.048338, -0.000010, 2.200000 
0.001704, 6852.881010, -0.000009, 2.232000 
0.001663, 6891.376951, -0.000009, 2.264000 
0.001622, 6928.580999, -0.000009, 2.296000 
0.001582, 6964.536526, -0.000009, 2.328000 
0.001542, 6999.285428, -0.000009, 2.360000 
0.001502, 7032.868194, -0.000008, 2.392000 
0.001463, 7065.323979, -0.000007, 2.424000 
0.001424, 7096.690563, -0.000006, 2.456000 
0.001386, 7127.004553, -0.000005, 2.488000 
0.001348, 7156.301235, -0.000004, 2.520000 
0.001313, 7184.614742, -0.000004, 2.552000 
0.001279, 7211.978090, -0.000003, 2.584000 
0.001247, 7238.423159, -0.000004, 2.616000 
0.001216, 7263.980747, -0.000004, 2.648000 
0.001184, 7288.680657, -0.000004, 2.680000 
0.001154, 7312.551681, -0.000004, 2.712000 
0.001123, 7335.621613, -0.000004, 2.744000 
0.001093, 7357.917354, -0.000004, 2.776000 
0.001062, 7379.464864, -0.000003, 2.808000 
0.001032, 7400.289279, -0.000003, 2.840000 
0.001002, 7420.414859, -0.000003, 2.872000 
0.000973, 7439.865019, -0.000003, 2.904000 
0.000945, 7458.662465, -0.000003, 2.936000 
0.000917, 7476.829098, -0.000002, 2.968000 
0.000891, 7494.386087, -0.000002, 3.000000 
0.000865, 7511.353871, -0.000002, 3.032000 
0.000840, 7527.752241, -0.000002, 3.064000 
0.000816, 7543.600298, -0.000002, 3.096000 
0.000792, 7558.916540, -0.000002, 3.128000 
0.000769, 7573.718765, -0.000002, 3.160000 
0.000747, 7588.024250, -0.000002, 3.192000 
0.000726, 7601.849649, -0.000002, 3.224000 
0.000705, 7615.211101, -0.000002, 3.256000 
0.000686, 7628.124161, -0.000002, 3.288000 
0.000666, 7640.603869, -0.000003, 3.320000 
0.000648, 7652.664757, -0.000003, 3.352000 
0.000630, 7664.320926, -0.000003, 3.384000 
0.000613, 7675.585913, -0.000003, 3.416000 
0.000596, 7686.472852, -0.000003, 3.448000 
0.000580, 7696.994458, -0.000003, 3.480000 
0.000564, 7707.162941, -0.000003, 3.512000 
0.000548, 7716.990196, -0.000003, 3.544000 
0.000533, 7726.487665, -0.000003, 3.576000 
0.000518, 7735.666403, -0.000003, 3.608000 
0.000503, 7744.537117, -0.000002, 3.640000 
0.000489, 7753.110147, -0.000002, 3.672000 
0.000475, 7761.386686, -0.000002, 3.704000 
0.000461, 7769.363395, -0.000002, 3.736000 
0.000448, 7777.052875, -0.000002, 3.768000 
0.000435, 7784.466808, -0.000001, 3.800000 
0.000423, 7791.616320, -0.000001, 3.832000 
0.000411, 7798.512031, -0.000001, 3.864000 
0.000399, 7805.164004, -0.000001, 3.896000 
0.000387, 7811.581902, -0.000001, 3.928000 
0.000376, 7817.774877, -0.000001, 3.960000 
0.000365, 7823.751705, -0.000001, 3.992000 
0.000354, 7829.520747, -0.000001, 4.024000 
0.000344, 7835.089964, -0.000001, 4.056000 
0.000334, 7840.467319, -0.000001, 4.088000 
0.000324, 7845.660735, -0.000001, 4.120000 
0.000315, 7850.677045, -0.000001, 4.152000 
0.000306, 7855.522774, -0.000001, 4.184000 
0.000297, 7860.204232, -0.000001, 4.216000 
0.000289, 7864.727438, -0.000001, 4.248000 
0.000281, 7869.098120, -0.000001, 4.280000 
0.000273, 7873.321843, -0.000001, 4.312000 
0.000265, 7877.403904, -0.000001, 4.344000 
0.000258, 7881.349390, -0.000001, 4.376000 
0.000251, 7885.163168, -0.000001, 4.408000 
0.000244, 7888.849978, -0.000001, 4.440000 
0.000238, 7892.414277, -0.000001, 4.472000 
0.000231, 7895.860441, -0.000001, 4.504000 
0.000225, 7899.192586, -0.000001, 4.536000 
0.000219, 7902.414738, -0.000001, 4.568000 
0.000213, 7905.530727, -0.000001, 4.600000 
0.000208, 7908.537153, -0.000001, 4.632000 
0.000202, 7911.436316, -0.000001, 4.664000 
0.000197, 7914.232645, -0.000001, 4.696000 
0.000192, 7916.930563, -0.000001, 4.728000 
0.000187, 7919.534123, -0.000001, 4.760000 
0.000182, 7922.046982, -0.000001, 4.792000 
0.000177, 7924.472902, -0.000001, 4.824000 
0.000172, 7926.815430, -0.000001, 4.856000 
0.000167, 7929.078008, -0.000001, 4.888000 
0.000162, 7931.263819, -0.000001, 4.920000 
0.000158, 7933.375948, -0.000001, 4.952000 
0.000154, 7935.417264, -0.000001, 4.984000 
0.000150, 7937.390536, -0.000001, 5.016000 
0.000145, 7939.298408, -0.000001, 5.048000 
0.000142, 7941.143374, -0.000001, 5.080000 
0.000138, 7942.927792, -0.000001, 5.112000 
0.000134, 7944.653971, -0.000001, 5.144000 
0.000130, 7946.324060, -0.000000, 5.176000 
0.000127, 7947.940106, -0.000000, 5.208000 
0.000123, 7949.504133, -0.000000, 5.240000 
0.000120, 7951.018000, -0.000000, 5.272000 
0.000117, 7952.483500, -0.000000, 5.304000 
0.000113, 7953.902397, -0.000000, 5.336000 
0.000110, 7955.276324, -0.000000, 5.368000 
0.000107, 7956.606869, -0.000000, 5.400000 
0.000104, 7957.895556, -0.000000, 5.432000 
0.000101, 7959.143849, -0.000000, 5.464000 
0.000098, 7960.353121, -0.000000, 5.496000 
0.000096, 7961.524751, -0.000000, 5.528000 
0.000093, 7962.659984, -0.000000, 5.560000 
0.000090, 7963.760082, -0.000000, 5.592000 
0.000088, 7964.826228, -0.000000, 5.624000 
0.000085, 7965.859581, -0.000000, 5.656000 
0.000083, 7966.861643, -0.000000, 5.688000 
0.000080, 7967.833367, -0.000000, 5.720000 
0.000078, 7968.775740, -0.000000, 5.752000 
0.000076, 7969.689666, -0.000000, 5.784000 
0.000074, 7970.576059, -0.000000, 5.816000 
0.000072, 7971.435731, -0.000000, 5.848000 
0.000070, 7972.269572, -0.000000, 5.880000 
0.000068, 7973.078346, -0.000000, 5.912000 
0.000066, 7973.862867, -0.000000, 5.944000 
0.000064, 7974.623865, -0.000000, 5.976000 
0.000062, 7975.362074, -0.000000, 6.008000 
0.000061, 7976.078217, -0.000000, 6.040000 
0.000059, 7976.772997, -0.000000, 6.072000 
0.000057, 7977.447047, -0.000000, 6.104000 
0.000056, 7978.101005, -0.000000, 6.136000 
0.000054, 7978.735525, -0.000000, 6.168000 
0.000053, 7979.351199, -0.000000, 6.200000 
0.000051, 7979.948594, -0.000000, 6.232000 
0.000050, 7980.528266, -0.000000, 6.264000 
0.000049, 7981.090787, -0.000000, 6.296000 
0.000047, 7981.636672, -0.000000, 6.328000 
0.000046, 7982.166430, -0.000000, 6.360000 
0.000045, 7982.680556, -0.000000, 6.392000 
0.000043, 7983.179528, -0.000000, 6.424000 
0.000042, 7983.663809, -0.000000, 6.456000 
0.000041, 7984.133871, -0.000000, 6.488000 
0.000040, 7984.590105, -0.000000, 6.520000 
0.000039, 7985.032938, -0.000000, 6.552000 
0.000038, 7985.462822, -0.000000, 6.584000 
0.000036, 7985.880089, -0.000000, 6.616000 
0.000035, 7986.285172, -0.000000, 6.648000 
0.000034, 7986.678397, -0.000000, 6.680000 
0.000033, 7987.060155, -0.000000, 6.712000 
0.000033, 7987.430768, -0.000000, 6.744000 
0.000032, 7987.790582, -0.000000, 6.776000 
0.000031, 7988.139917, -0.000000, 6.808000 
0.000030, 7988.479076, -0.000000, 6.840000 
0.000029, 7988.808399, -0.000000, 6.872000 
0.000028, 7989.128137, -0.000000, 6.904000 
0.000027, 7989.438627, -0.000000, 6.936000 
0.000027, 7989.740101, -0.000000, 6.968000 
0.000026, 7990.032828, -0.000000, 7.000000 
0.000025, 7990.317102, -0.000000, 7.032000 
0.000024, 7990.593153, -0.000000, 7.064000 
0.000024, 7990.861206, -0.000000, 7.096000 
0.000023, 7991.121525, -0.000000, 7.128000 
0.000022, 7991.374336, -0.000000, 7.160000 
0.000022, 7991.619847, -0.000000, 7.192000 
0.000021, 7991.858307, -0.000000, 7.224000 
0.000020, 7992.089873, -0.000000, 7.256000 
0.000020, 7992.314789, -0.000000, 7.288000 
0.000019, 7992.533223, 0.000000, 7.320000 
0.000019, 7992.745392, -0.000000, 7.352000 
0.000018, 7992.951449, -0.000000, 7.384000 
0.000018, 7993.151596, -0.000000, 7.416000 
0.000017, 7993.346025, 0.000000, 7.448000 
0.000017, 7993.534845, 0.000000, 7.480000 
0.000016, 7993.718282, 0.000000, 7.512000 
0.000016, 7993.896448, 0.000000, 7.544000 
0.000015, 7994.069514, 0.000000, 7.576000 
0.000015, 7994.237640, 0.000000, 7.608000 
0.000014, 7994.400935, 0.000000, 7.640000 
0.000014, 7994.559581, 0.000000, 7.672000 
0.000014, 7994.713686, 0.000000, 7.704000 
0.000013, 7994.863382, -0.000000, 7.736000 
0.000013, 7995.008824, -0.000000, 7.768000 
0.000012, 7995.150105, -0.000000, 7.800000 
0.000012, 7995.287367, -0.000000, 7.832000 
0.000012, 7995.420689, -0.000000, 7.864000 
0.000011, 7995.550223, -0.000000, 7.896000 
0.000011, 7995.675166, -0.000000, 7.928000 
0.000011, 7995.796749, -0.000000, 7.960000 
0.000010, 7995.915023, -0.000000, 7.992000 
0.000010, 7996.030059, -0.000000, 8.024000 
0.000010, 7996.141906, -0.000000, 8.056000 
0.000010, 7996.250657, -0.000000, 8.088000 
0.000009, 7996.356396, -0.000000, 8.120000 
0.000009, 7996.459160, -0.000000, 8.152000 
0.000009, 7996.559062, 0.000000, 8.184000 
0.000009, 7996.656142, -0.000000, 8.216000 
0.000008, 7996.750492, 0.000000, 8.248000 
0.000008, 7996.842191, -0.000000, 8.280000 
0.000008, 7996.931297, 0.000000, 8.312000 
0.000008, 7997.017902, 0.000000, 8.344000 
0.000007, 7997.102039, 0.000000, 8.376000 
0.000007, 7997.183814, 0.000000, 8.408000 
0.000007, 7997.263286, 0.000000, 8.440000 
0.000007, 7997.340498, 0.000000, 8.472000 
0.000007, 7997.415533, 0.000000, 8.504000 
0.000006, 7997.488435, 0.000000, 8.536000 
0.000006, 7997.559287, 0.000000, 8.568000 
0.000006, 7997.628133, 0.000000, 8.600000 
0.000006, 7997.695031, 0.000000, 8.632000 
0.000006, 7997.760036, -0.000000, 8.664000 
0.000006, 7997.823179, -0.000000, 8.696000 
0.000005, 7997.884556, -0.000000, 8.728000 
0.000005, 7997.944186, -0.000000, 8.760000 
0.000005, 7998.002136, -0.000000, 8.792000 
0.000005, 7998.058463, -0.000000, 8.824000 
0.000005, 7998.113173, -0.000000, 8.856000 
0.000005, 7998.166346, -0.000000, 8.888000 
0.000005, 7998.218013, 0.000000, 8.920000 
0.000004, 7998.268242, 0.000000, 8.952000 
0.000004, 7998.317038, 0.000000, 8.984000 
0.000004, 7998.364456, 0.000000, 9.016000 
0.000004, 7998.410538, 0.000000, 9.048000 
0.000004, 7998.455301, 0.000000, 9.080000 
0.000004, 7998.498826, 0.000000, 9.112000 
0.000004, 7998.541090, 0.000000, 9.144000 
0.000004, 7998.582187, 0.000000, 9.176000 
0.000003, 7998.622120, 0.000000, 9.208000 
0.000003, 7998.660919, -0.000000, 9.240000 
0.000003, 7998.698612, -0.000000, 9.272000 
0.000003, 7998.735253, -0.000000, 9.304000 
0.000003, 7998.770859, -0.000000, 9.336000 
0.000003, 7998.805457, -0.000000, 9.368000 
0.000003, 7998.839077, -0.000000, 9.400000 
0.000003, 7998.871773, -0.000000, 9.432000 
0.000003, 7998.903535, -0.000000, 9.464000 
0.000003, 7998.934403, -0.000000, 9.496000 
0.000003, 7998.964380, 0.000000, 9.528000 
0.000003, 7998.993532, 0.000000, 9.560000 
0.000002, 7999.021849, 0.000000, 9.592000 
0.000002, 7999.049371, 0.000000, 9.624000 
0.000002, 7999.076128, 0.000000, 9.656000 
0.000002, 7999.102120, 0.000000, 9.688000 
0.000002, 7999.127389, 0.000000, 9.720000 
0.000002, 7999.151936, 0.000000, 9.752000 
0.000002, 7999.175802, 0.000000, 9.784000 
0.000002, 7999.198989, 0.000000, 9.816000 
0.000002, 7999.221510, 0.000000, 9.848000 
0.000002, 7999.243407, -0.000000, 9.880000 
0.000002, 7999.264708, -0.000000, 9.912000 
0.000002, 7999.285388, -0.000000, 9.944000 
0.000002, 7999.305500, -0.000000, 9.976000 
0.000002, 7999.325020, -0.000000, 10.008000 
0.000002, 7999.344000, -0.000000, 10.040000 
0.000002, 7999.362442, -0.000000, 10.072000 
0.000002, 7999.380387, -0.000000, 10.104000 
0.000002, 7999.397810, -0.000000, 10.136000 
0.000001, 7999.414738, -0.000000, 10.168000 
0.000001, 7999.431211, -0.000000, 10.200000 
0.000001, 7999.447204, -0.000000, 10.232000 
0.000001, 7999.462745, -0.000000, 10.264000 
0.000001, 7999.477846, -0.000000, 10.296000 
0.000001, 7999.492523, -0.000000, 10.328000 
0.000001, 7999.506789, -0.000000, 10.360000 
0.000001, 7999.520659, -0.000000, 10.392000 
0.000001, 7999.534146, -0.000000, 10.424000 
0.000001, 7999.547239, -0.000000, 10.456000 
0.000001, 7999.559963, 0.000000, 10.488000 
0.000001, 7999.572333, 0.000000, 10.520000 
0.000001, 7999.584363, 0.000000, 10.552000 
0.000001, 7999.596041, 0.000000, 10.584000 
0.000001, 7999.607393, -0.000000, 10.616000 
0.000001, 7999.618432, -0.000000, 10.648000 
0.000001, 7999.629148, -0.000000, 10.680000 
0.000001, 7999.639592, -0.000000, 10.712000 
0.000001, 7999.649715, -0.000000, 10.744000 
0.000001, 7999.659553, -0.000000, 10.776000 
0.000001, 7999.669122, -0.000000, 10.808000 
0.000001, 7999.678436, -0.000000, 10.840000 
0.000001, 7999.687482, -0.000000, 10.872000 
0.000001, 7999.696260, -0.000000, 10.904000 
0.000001, 7999.704797, -0.000000, 10.936000 
0.000001, 7999.713107, -0.000000, 10.968000 
0.000001, 7999.721177, -0.000000, 11.000000 
0.000001, 7999.729008, -0.000000, 11.032000 
0.000001, 7999.736626, -0.000000, 11.064000 
0.000001, 7999.744018, -0.000000, 11.096000 
0.000001, 7999.751212, -0.000000, 11.128000 
0.000001, 7999.758220, -0.000000, 11.160000 
0.000001, 7999.765005, -0.000000, 11.192000 
0.000001, 7999.771605, -0.000000, 11.224000 
0.000001, 7999.778034, -0.000000, 11.256000 
0.000001, 7999.784280, -0.000000, 11.288000 
0.000001, 7999.790343, 0.000000, 11.320000 
0.000001, 7999.796223, 0.000000, 11.352000 
0.000000, 7999.801946, 0.000000, 11.384000 
0.000000, 7999.807527, 0.000000, 11.416000 
0.000000, 7999.812926, 0.000000, 11.448000 
0.000000, 7999.818183, 0.000000, 11.480000 
0.000000, 7999.823285, -0.000000, 11.512000 
0.000000, 7999.828258, -0.000000, 11.544000 
0.000000, 7999.833090, -0.000000, 11.576000 
0.000000, 7999.837782, -0.000000, 11.608000 
0.000000, 7999.842332, -0.000000, 11.640000 
0.000000, 7999.846769, 0.000000, 11.672000 
0.000000, 7999.851078, 0.000000, 11.704000 
0.000000, 7999.855261, 0.000000, 11.736000 
0.000000, 7999.859318, -0.000000, 11.768000 
0.000000, 7999.863273, -0.000000, 11.800000 
0.000000, 7999.867116, -0.000000, 11.832000 
0.000000, 7999.870847, -0.000000, 11.864000 
0.000000, 7999.874491, -0.000000, 11.896000 
0.000000, 7999.878011, -0.000000, 11.928000 
0.000000, 7999.881444, -0.000000, 11.960000 
0.000000, 7999.884778, -0.000000, 11.992000 
0.000000, 7999.888014, -0.000000, 12.024000 
0.000000, 7999.891152, -0.000000, 12.056000 
0.000000, 7999.894217, -0.000000, 12.088000 
0.000000, 7999.897197, 0.000000, 12.120000 
0.000000, 7999.900094, 0.000000, 12.152000 
0.000000, 7999.902905, 0.000000, 12.184000 
0.000000, 7999.905633, 0.000000, 12.216000 
0.000000, 7999.908276, 0.000000, 12.248000 
0.000000, 7999.910861, 0.000000, 12.280000 
0.000000, 7999.913375, 0.000000, 12.312000 
0.000000, 7999.915793, 0.000000, 12.344000 
0.000000, 7999.918152, 0.000000, 12.376000 
0.000000, 7999.920468, 0.000000, 12.408000 
0.000000, 7999.922701, 0.000000, 12.440000 
0.000000, 7999.924863, 0.000000, 12.472000 
0.000000, 7999.926981, 0.000000, 12.504000 
0.000000, 7999.929043, 0.000000, 12.536000 
0.000000, 7999.931023, 0.000000, 12.568000 
0.000000, 7999.932959, 0.000000, 12.600000 
0.000000, 7999.932975, 0.000000, 12.632000 
0.000000, 7999.934897, 0.000000, 12.664000 
0.000000, 7999.934911, 0.000000, 12.696000 
0.000000, 7999.934920, 0.000000, 12.728000 
0.000000, 7999.934928, 0.000000, 12.760000 
0.000000, 7999.934933, 0.000000, 12.792000 
0.000000, 7999.934938, 0.000000, 12.824000 
0.000000, 7999.934942, 0.000000, 12.856000 
0.000000, 7999.934945, 0.000000, 12.888000 
0.000000, 7999.934947, 0.000000, 12.920000 
0.000000, 7999.934949, 0.000000, 12.952000 
0.000000, 7999.934951, 0.000000, 12.984000 
0.000000, 7999.934952, 0.000000, 13.016000 
0.000000, 7999.934953, 0.000000, 13.048000 
0.000000, 7999.934954, 0.000000, 13.080000 
0.000000, 7999.934955, 0.000000, 13.112000 
0.000000, 7999.934955, 0.000000, 13.144000 
0.000000, 7999.934956, 0.000000, 13.176000 
0.000000, 7999.934956, 0.000000, 13.208000 
0.000000, 7999.934956, 0.000000, 13.240000 
0.000000, 7999.934956, 0.000000, 13.272000 
0.000000, 7999.934957, 0.000000, 13.304000 
0.000000, 7999.934957, 0.000000, 13.336000 
0.000000, 7999.934957, 0.000000, 13.368000 
0.000000, 7999.934957, 0.000000, 13.400000 
0.000000, 7999.934957, 0.000000, 13.432000 
0.000000, 7999.934957, 0.000000, 13.464000 
0.000000, 7999.934957, 0.000000, 13.496000 
0.000000, 7999.934957, 0.000000, 13.528000 
0.000000, 7999.934957, 0.000000, 13.560000 
0.000000, 7999.934957, 0.000000, 13.592000 
0.000000, 7999.934957, 0.000000, 13.624000 
0.000000, 7999.934957, 0.000000, 13.656000 
0.000000, 7999.934957, 0.000000, 13.688000 
0.000000, 7999.934957, 0.000000, 13.720000 
0.000000, 7999.934957, 0.000000, 13.752000 
0.000000, 7999.934957, 0.000000, 13.784000 
0.000000, 7999.934957, 0.000000, 13.816000 
0.000000, 7999.934957, 0.000000, 13.848000 
0.000000, 7999.934957, 0.000000, 13.880000 
0.000000, 7999.934957, 0.000000, 13.912000 
0.000000, 7999.934957, 0.000000, 13.944000 
0.000000, 7999.934957, 0.000000, 13.976000 
0.000000, 7999.934957, 0.000000, 14.008000 
0.000000, 7999.934957, 0.000000, 14.040000 
0.000000, 7999.934957, 0.000000, 14.072000 
0.000000, 7999.934957, 0.000000, 14.104000 
0.000000, 7999.934957, 0.000000, 14.136000 
0.000000, 7999.934957, 0.000000, 14.168000 
0.000000, 7999.934957, 0.000000, 14.200000 
0.000000, 7999.934957, 0.000000, 14.232000 
0.000000, 7999.934957, 0.000000, 14.264000 
0.000000, 7999.934957, 0.000000, 14.296000 
0.000000, 7999.934957, 0.000000, 14.328000 
0.000000, 7999.934957, 0.000000, 14.360000 
0.000000, 7999.934957, 0.000000, 14.392000 
0.000000, 7999.934957, 0.000000, 14.424000 
